#No.      Date        Time         Lat.      Lon.        Dep.     Mag.   Coef.     N(*MAD)        Reference
   1   2012/09/02   03:20:02.620   37.8000   139.9920     7.80   -0.19  0.5341   21.4678      20120902032225.53
   2   2012/09/02   03:20:10.550   37.7960   139.9950     8.00   -0.16  0.3708   15.4428      20120902034541.57
   3   2012/09/02   03:20:17.510   37.7960   140.0000     8.00    0.74  0.5788   23.7797      20120902034541.57
   4   2012/09/02   03:20:34.410   37.7960   139.9990     8.40    0.60  0.4442   18.1856      20120902034823.31
   5   2012/09/02   03:20:44.660   37.7960   140.0050     7.80   -0.17  0.3094   12.9587      20120902033351.61
   6   2012/09/02   03:20:54.690   37.8030   140.0060     8.20    0.51  0.3785   14.8345      20120902032413.12
   7   2012/09/02   03:21:06.880   37.8110   140.0000     8.20    0.11  0.3545   14.2552      20120902034421.21
   8   2012/09/02   03:21:25.850   37.7940   139.9960     6.30    0.12  0.4335   17.8485      20120902032626.52
   9   2012/09/02   03:21:36.060   37.7960   139.9940     8.40   -0.13  0.4208   17.3989      20120902034823.31
  10   2012/09/02   03:21:43.410   37.7960   139.9950     8.20    0.06  0.5273   21.4835      20120902034421.21
  11   2012/09/02   03:22:12.150   37.7940   139.9980     7.90    1.17  0.4038   16.3612      20120902034301.07
  12   2012/09/02   03:22:25.530   37.8000   139.9920     7.80    2.60  1.0000   40.1795      20120902032225.53
  13   2012/09/02   03:23:28.890   37.8000   139.9920     7.80    0.16  0.5390   21.6643      20120902032225.53
  14   2012/09/02   03:24:13.120   37.7880   140.0010     8.20    3.00  1.0000   40.5565      20120902032413.12
  15   2012/09/02   03:25:16.610   37.8010   140.0050     8.20    0.65  0.3871   15.6169      20120902034421.21
  16   2012/09/02   03:25:23.980   37.7890   140.0010     6.30    1.03  0.5521   22.4667      20120902032626.52
  17   2012/09/02   03:25:36.550   37.7970   139.9980     7.20    1.67  0.6884   27.7870      20120902034130.37
  18   2012/09/02   03:26:03.640   37.7880   140.0010     8.20    0.09  0.4359   17.6912      20120902032413.12
  19   2012/09/02   03:26:14.150   37.7890   140.0010     6.30    0.72  0.8516   34.6524      20120902032626.52
  20   2012/09/02   03:26:26.520   37.7890   140.0010     6.30    2.70  1.0000   40.6892      20120902032626.52
  21   2012/09/02   03:26:35.510   37.7880   140.0010     8.20    1.98  0.4573   18.5583      20120902032413.12
  22   2012/09/02   03:27:05.590   37.7880   140.0010     8.20    0.78  0.4434   17.9952      20120902032413.12
  23   2012/09/02   03:27:29.570   37.7970   140.0020     7.40    0.54  0.3846   15.8610      20120902034343.16
  24   2012/09/02   03:27:50.960   37.7910   139.9990     8.40    1.26  0.4958   20.2515      20120902034823.31
  25   2012/09/02   03:28:08.520   37.7880   140.0040     8.20    0.34  0.5379   21.0742      20120902034748.15
  26   2012/09/02   03:28:24.640   37.7880   140.0010     8.20    0.67  0.5485   22.2546      20120902032413.12
  27   2012/09/02   03:28:33.430   37.7890   139.9980     7.90    1.05  0.6686   26.7994      20120902034301.07
  28   2012/09/02   03:28:43.610   37.7910   140.0050     7.80    0.54  0.3736   15.4710      20120902033351.61
  29   2012/09/02   03:28:52.630   37.7910   140.0050     7.80    1.26  0.5626   23.2852      20120902033351.61
  30   2012/09/02   03:29:11.330   37.7890   139.9960     6.30    0.49  0.6125   25.3054      20120902032626.52
  31   2012/09/02   03:29:24.550   37.7890   139.9960     6.30    0.15  0.4127   17.0534      20120902032626.52
  32   2012/09/02   03:29:35.950   37.7910   140.0050     7.80    0.63  0.6288   26.0202      20120902033351.61
  33   2012/09/02   03:29:42.570   37.7940   139.9930     7.90    0.51  0.3406   13.7807      20120902034301.07
  34   2012/09/02   03:29:51.060   37.7910   139.9950     8.20    0.35  0.7304   29.8128      20120902034421.21
  35   2012/09/02   03:30:14.520   37.7910   140.0050     7.80    1.85  0.8856   36.6388      20120902033351.61
  36   2012/09/02   03:30:30.420   37.7870   140.0030     7.20    1.03  0.5910   23.1392      20120902034130.37
  37   2012/09/02   03:30:37.730   37.7890   139.9960     6.30    1.26  0.5477   22.6272      20120902032626.52
  38   2012/09/02   03:30:52.070   37.7890   140.0010     6.30    1.40  0.7850   31.9440      20120902032626.52
  39   2012/09/02   03:31:09.230   37.7880   140.0040     8.20    0.36  0.3298   12.9220      20120902034748.15
  40   2012/09/02   03:31:25.670   37.7910   140.0050     7.80    0.19  0.5607   23.2078      20120902033351.61
  41   2012/09/02   03:31:40.470   37.7850   139.9990     8.40    1.32  0.5736   23.4738      20120902034608.85
  42   2012/09/02   03:31:52.200   37.7910   140.0050     7.80    1.20  0.7157   29.6147      20120902033351.61
  43   2012/09/02   03:32:03.840   37.7880   140.0010     8.20    0.30  0.4528   18.3416      20120902033403.83
  44   2012/09/02   03:32:14.910   37.7960   140.0050     7.80   -0.07  0.3468   14.5245      20120902033351.61
  45   2012/09/02   03:32:23.930   37.7910   140.0050     7.80   -0.09  0.6096   25.2262      20120902033351.61
  46   2012/09/02   03:32:32.870   37.7890   140.0010     6.30    0.26  0.7497   30.5064      20120902032626.52
  47   2012/09/02   03:32:42.050   37.7840   139.9980     7.90    0.97  0.6242   24.6237      20120902034301.07
  48   2012/09/02   03:32:55.020   37.7980   139.9990     8.20    0.23  0.4519   18.0861      20120902034748.15
  49   2012/09/02   03:33:11.670   37.7880   140.0010     8.20    0.39  0.8348   33.7773      20120902033403.83
  50   2012/09/02   03:33:25.030   37.7950   139.9920     7.80   -0.05  0.4231   16.8373      20120902032225.53
  51   2012/09/02   03:33:31.790   37.7960   139.9940     8.40    0.87  0.5331   22.0370      20120902034823.31
  52   2012/09/02   03:33:41.950   37.7840   139.9980     7.90    0.18  0.5958   23.5057      20120902034301.07
  53   2012/09/02   03:33:51.610   37.7910   140.0050     7.80    2.30  1.0000   41.3669      20120902033351.61
  54   2012/09/02   03:34:03.830   37.7880   140.0010     8.20    2.30  1.0000   40.4523      20120902033403.83
  55   2012/09/02   03:34:20.530   37.7840   139.9980     7.90    1.17  0.4479   17.6786      20120902034301.07
  56   2012/09/02   03:34:43.530   37.7900   139.9990     8.40    0.66  0.4002   15.9475      20120902034608.85
  57   2012/09/02   03:34:56.370   37.7910   139.9950     8.00    0.98  0.6210   25.2237      20120902034541.57
  58   2012/09/02   03:35:04.480   37.7960   139.9950     8.00    0.26  0.3051   12.7102      20120902034541.57
  59   2012/09/02   03:35:15.050   37.7880   140.0010     8.20    0.19  0.6289   25.5137      20120902032413.12
  60   2012/09/02   03:35:32.720   37.7890   139.9980     7.90    0.06  0.6437   25.8009      20120902034301.07
  61   2012/09/02   03:35:41.100   37.7920   140.0030     7.20   -0.04  0.5032   19.9118      20120902034130.37
  62   2012/09/02   03:35:48.580   37.7910   139.9950     8.20    0.14  0.5272   21.5254      20120902034421.21
  63   2012/09/02   03:36:03.640   37.7890   139.9980     7.90    0.07  0.8114   32.5160      20120902034301.07
  64   2012/09/02   03:36:17.770   37.7900   139.9990     8.40    0.89  0.5647   22.5001      20120902034608.85
  65   2012/09/02   03:36:39.820   37.7910   140.0050     7.80    0.64  0.6260   25.9046      20120902033351.61
  66   2012/09/02   03:36:47.070   37.7910   140.0000     8.20   -0.16  0.3712   15.3825      20120902034421.21
  67   2012/09/02   03:36:56.070   37.7840   139.9980     7.90    0.03  0.4714   18.6078      20120902034301.07
  68   2012/09/02   03:37:05.240   37.7890   139.9960     6.30    0.69  0.6260   25.8596      20120902032626.52
  69   2012/09/02   03:37:17.700   37.7930   140.0040     8.20    0.59  0.5748   22.7350      20120902034748.15
  70   2012/09/02   03:37:24.940   37.7910   140.0000     7.80    0.51  0.4294   18.1263      20120902033351.61
  71   2012/09/02   03:37:35.100   37.7880   140.0010     8.20    0.79  0.7257   29.4371      20120902032413.12
  72   2012/09/02   03:37:46.710   37.7980   140.0060     8.20    0.32  0.4196   16.7638      20120902032413.12
  73   2012/09/02   03:38:01.080   37.7910   140.0000     8.20    0.32  0.7013   29.0558      20120902034421.21
  74   2012/09/02   03:38:17.190   37.7830   140.0010     8.20    0.32  0.6892   27.5186      20120902033403.83
  75   2012/09/02   03:38:33.520   37.7910   140.0000     8.00    0.09  0.4482   18.5675      20120902034541.57
  76   2012/09/02   03:38:48.580   37.7910   140.0000     8.20   -0.41  0.3647   15.1126      20120902034421.21
  77   2012/09/02   03:39:01.990   37.7870   139.9970     7.40   -0.28  0.3846   15.7717      20120902034343.16
  78   2012/09/02   03:39:13.210   37.7830   140.0010     8.20    0.53  0.6869   27.4272      20120902033403.83
  79   2012/09/02   03:39:20.830   37.7910   140.0000     8.00    0.71  0.6528   27.0255      20120902034541.57
  80   2012/09/02   03:39:33.410   37.7970   140.0030     7.20    0.02  0.4391   17.3336      20120902034130.37
  81   2012/09/02   03:39:56.120   37.7910   140.0050     7.80    0.42  0.5569   23.0473      20120902033351.61
  82   2012/09/02   03:40:10.150   37.7840   139.9980     7.90    0.06  0.5408   21.3408      20120902034301.07
  83   2012/09/02   03:40:17.530   37.7890   139.9980     7.90    0.02  0.3456   13.8669      20120902034301.07
  84   2012/09/02   03:40:28.100   37.7910   139.9990     8.40    0.20  0.5057   20.6517      20120902034823.31
  85   2012/09/02   03:40:37.240   37.7900   139.9980     7.70   -0.33  0.4073   16.2018      20120902034236.82
  86   2012/09/02   03:40:46.330   37.7910   140.0000     8.20    0.90  0.6237   25.8440      20120902034421.21
  87   2012/09/02   03:40:59.330   37.7890   139.9980     7.90    1.64  0.5875   23.5526      20120902034301.07
  88   2012/09/02   03:41:19.600   37.7870   139.9970     7.40    0.17  0.4671   19.1494      20120902034343.16
  89   2012/09/02   03:41:30.370   37.7920   140.0030     7.20    2.50  1.0000   39.5481      20120902034130.37
  90   2012/09/02   03:42:21.390   37.7890   139.9960     6.30    0.31  0.3652   15.0907      20120902032626.52
  91   2012/09/02   03:42:36.820   37.7900   139.9980     7.70    2.50  1.0000   39.7398      20120902034236.82
  92   2012/09/02   03:42:46.780   37.7910   139.9950     8.00    2.37  0.5731   23.2789      20120902034541.57
  93   2012/09/02   03:43:01.070   37.7890   139.9980     7.90    2.60  1.0000   40.0660      20120902034301.07
  94   2012/09/02   03:43:21.020   37.7870   140.0030     7.20    1.31  0.3637   14.2449      20120902034130.37
  95   2012/09/02   03:43:32.900   37.7880   140.0010     8.20    1.75  0.7989   32.3245      20120902033403.83
  96   2012/09/02   03:43:43.160   37.7870   139.9970     7.40    2.10  1.0000   40.9818      20120902034343.16
  97   2012/09/02   03:44:08.250   37.7870   139.9970     7.40    0.57  0.3722   15.2611      20120902034343.16
  98   2012/09/02   03:44:21.210   37.7910   140.0000     8.20    2.20  1.0000   41.4315      20120902034421.21
  99   2012/09/02   03:44:31.970   37.7910   140.0000     8.20    1.61  0.6068   25.1433      20120902034421.21
 100   2012/09/02   03:44:55.630   37.7930   139.9990     8.20    0.78  0.5144   20.7622      20120902034748.15
 101   2012/09/02   03:45:13.740   37.7910   140.0000     8.20    0.23  0.5959   24.6911      20120902034421.21
 102   2012/09/02   03:45:23.100   37.7870   139.9970     7.40    0.60  0.8865   36.3308      20120902034343.16
 103   2012/09/02   03:45:29.600   37.7960   139.9650     7.80    0.34  0.3586   14.5473      20120902033351.61
 104   2012/09/02   03:45:41.570   37.7910   139.9950     8.00    2.90  1.0000   40.6070      20120902034541.57
 105   2012/09/02   03:45:59.020   37.7920   140.0030     7.20    2.11  0.5315   21.0296      20120902034130.37
 106   2012/09/02   03:46:08.850   37.7900   139.9940     8.40    2.20  1.0000   40.5129      20120902034608.85
 107   2012/09/02   03:46:17.260   37.7910   140.0000     8.20    1.75  0.5382   22.3024      20120902034421.21
 108   2012/09/02   03:46:31.540   37.7870   139.9970     7.40    1.29  0.6797   27.8613      20120902034343.16
 109   2012/09/02   03:46:40.390   37.7910   139.9950     8.20    1.28  0.5588   22.8125      20120902034421.21
 110   2012/09/02   03:46:51.730   37.7930   139.9990     8.20    0.58  0.3039   12.2685      20120902034748.15
 111   2012/09/02   03:47:07.880   37.7910   139.9950     8.20    0.30  0.4779   19.5118      20120902034421.21
 112   2012/09/02   03:47:21.130   37.7910   139.9940     8.40    0.75  0.7020   28.6825      20120902034823.31
 113   2012/09/02   03:47:38.280   37.7910   140.0000     8.00    0.92  0.6625   27.4249      20120902034541.57
 114   2012/09/02   03:47:48.150   37.7930   140.0040     8.20    3.20  1.0000   39.5413      20120902034748.15
 115   2012/09/02   03:48:23.310   37.7910   139.9940     8.40    2.20  1.0000   40.8542      20120902034823.31
 116   2012/09/02   03:48:33.350   37.7920   140.0030     7.20    1.27  0.3746   14.8275      20120902034130.37
 117   2012/09/02   03:48:45.140   37.7920   140.0030     7.20    1.12  0.4167   16.4893      20120902034130.37
 118   2012/09/02   03:48:58.480   37.7880   140.0010     8.20    1.52  0.6221   25.2366      20120902032413.12
 119   2012/09/02   03:49:05.090   37.7880   140.0010     8.20    1.64  0.8850   35.8942      20120902032413.12
 120   2012/09/02   03:49:13.610   37.7910   139.9940     8.40    1.06  0.3770   15.4115      20120902034823.31
 121   2012/09/02   03:49:21.060   37.7910   139.9940     8.40    1.11  0.4992   20.4036      20120902034823.31
 122   2012/09/02   03:49:29.750   37.7910   140.0000     8.20    1.70  0.6421   26.6064      20120902034421.21
 123   2012/09/02   03:49:40.410   37.7910   140.0050     7.80    1.41  0.8302   34.3456      20120902033351.61
 124   2012/09/02   03:49:55.160   37.7960   140.0000     7.80    1.62  0.6291   26.6869      20120902033351.61
 125   2012/09/02   03:50:03.120   37.7910   140.0000     8.00    1.07  0.5390   22.3202      20120902034541.57
 126   2012/09/02   03:50:09.980   37.7910   140.0050     8.20    0.73  0.3774   15.6275      20120902034421.21
 127   2012/09/02   03:50:22.880   37.7900   140.0030     7.70    0.76  0.5729   22.8514      20120902034236.82
 128   2012/09/02   03:50:48.940   37.7850   140.0030     7.70    1.16  0.5874   23.3905      20120902034236.82
 129   2012/09/02   03:51:01.840   37.7930   139.9990     8.20    0.83  0.5935   23.9551      20120902034748.15
 130   2012/09/02   03:51:10.480   37.7850   140.0030     7.70    1.39  0.5201   20.7105      20120902034236.82
 131   2012/09/02   03:51:33.420   37.7910   140.0050     7.80    0.19  0.3741   15.4935      20120902033351.61
 132   2012/09/02   03:51:43.330   37.7930   139.9990     8.20    0.46  0.5148   20.7801      20120902034748.15
 133   2012/09/02   03:51:50.480   37.7960   139.9950     8.20    0.19  0.4575   18.6411      20120902034421.21
 134   2012/09/02   03:51:57.510   37.7910   139.9940     8.40    0.72  0.7728   31.5746      20120902034823.31
 135   2012/09/02   03:52:15.850   37.7910   140.0000     8.20    0.99  0.6991   28.9681      20120902034421.21
 136   2012/09/02   03:52:29.070   37.7930   139.9990     8.20    0.32  0.4958   20.0126      20120902034748.15
 137   2012/09/02   03:52:37.180   37.7870   139.9970     7.40    0.31  0.7117   29.1706      20120902034343.16
 138   2012/09/02   03:52:43.500   37.7910   140.0000     8.00    0.24  0.4409   18.2633      20120902034541.57
 139   2012/09/02   03:52:52.500   37.7900   139.9990     8.40    0.84  0.5782   23.0383      20120902034608.85
 140   2012/09/02   03:53:01.100   37.7890   139.9960     6.30   -0.03  0.3402   14.0601      20120902032626.52
