#Event   Time      Lat.      Lon.        Depth    Mag.    Coef.      N(*MAD)
   1   12017.390   37.7930   140.0110     8.20    0.83    0.3749    14.9455 
   2   12033.660   37.7930   140.0410     8.20    0.63    0.3282    12.9275 
   3   12054.870   37.8030   139.9960     8.20    0.65    0.3245    13.2280 
   4   12085.870   37.7980   139.9910     8.20    0.25    0.3071    12.4069 
   5   12132.140   37.7930   140.0010     8.20    1.32    0.3719    15.1912 
   6   12253.780   37.7880   139.9660     8.20    3.12    0.4471    18.2623 
   7   12336.540   37.7930   140.0010     8.20    1.65    0.5121    20.9147 
   8   12374.790   37.7880   139.9660     8.20    0.85    0.3029    12.3768 
   9   12387.170   37.7880   139.9660     8.20    2.84    0.3667    14.9789 
  10   12396.160   37.7880   139.9660     8.20    2.11    0.3004    12.2753 
  11   12425.670   37.7830   140.0010     8.20    0.94    0.3152    12.5927 
  12   12470.010   37.7880   140.0510     8.20    1.25    0.3536    13.8422 
  13   12489.190   37.7880   139.9660     8.20    0.46    0.3298    13.4739 
  14   12505.470   37.7880   139.9560     8.20    0.79    0.4119    16.2465 
  15   12513.410   37.7880   140.0010     8.20    1.21    0.6588    26.6635 
  16   12533.020   37.7880   139.9810     8.20    1.36    0.3856    15.5418 
  17   12551.310   37.7930   140.0110     8.20    0.66    0.3023    12.0558 
  18   12566.130   37.7880   140.0010     8.20    0.13    0.4119    16.6857 
  19   12576.080   37.7880   139.9960     8.20    0.72    0.3256    13.1472 
  20   12582.560   37.7930   139.9960     8.20    0.63    0.3193    13.0542 
  21   12591.040   37.7880   139.9960     8.20    0.52    0.3193    12.8913 
  22   12614.830   37.7880   139.9860     8.20    1.92    0.4027    16.3033 
  23   12630.410   37.7830   140.0060     8.20    1.15    0.3642    14.9004 
  24   12637.700   37.7830   140.0010     8.20    1.43    0.4480    17.8932 
  25   12652.380   37.7880   139.9860     8.20    1.55    0.3871    15.6704 
  26   12700.470   37.7830   140.0010     8.20    1.32    0.5849    23.3560 
  27   12712.160   37.7880   140.0060     8.20    1.25    0.4228    17.0095 
  28   12723.840   37.7880   140.0010     8.20    0.30    0.4528    18.3416 
  29   12743.890   37.7880   140.0060     8.20   -0.02    0.3426    13.7884 
  30   12753.670   37.7880   139.9560     8.20    0.42    0.3800    14.9919 
  31   12762.030   37.7830   140.0010     8.20    1.10    0.5566    22.2252 
  32   12791.670   37.7880   140.0010     8.20    0.39    0.8348    33.7773 
  33   12811.070   37.7930   140.0360     8.20    0.83    0.3366    13.3153 
  34   12821.930   37.7830   140.0010     8.20    0.29    0.5496    21.9484 
  35   12831.580   37.7880   140.0060     8.20    2.42    0.5041    20.2735 
  36   12843.830   37.7880   140.0010     8.20    2.30    1.0000    40.4523 
  37   12860.520   37.7830   140.0010     8.20    1.31    0.3988    15.9271 
  38   12883.450   37.7930   140.0010     8.20    0.59    0.3218    13.1474 
  39   12896.380   37.7880   140.0010     8.20    1.04    0.5148    20.8461 
  40   12909.510   37.7880   139.9810     8.20    0.45    0.3411    13.7490 
  41   12932.710   37.7880   140.0010     8.20    0.18    0.5886    23.8295 
  42   12941.090   37.7880   140.0060     8.20    0.08    0.4628    18.6146 
  43   12963.620   37.7880   140.0010     8.20    0.21    0.7305    29.5632 
  44   12978.540   37.7930   139.9560     8.20    0.87    0.4074    15.6562 
  45   13000.210   37.7880   139.9810     8.20    0.75    0.3990    16.0781 
  46   13016.050   37.7830   140.0010     8.20    0.18    0.4339    17.3307 
  47   13025.970   37.7880   139.9560     8.20    0.84    0.3419    13.4887 
  48   13033.080   37.7880   140.0110     8.20    0.23    0.3041    12.2286 
  49   13044.900   37.7880   140.0010     8.20    0.55    0.4088    16.5628 
  50   13055.180   37.7830   140.0010     8.20    0.92    0.3997    15.9636 
  51   13081.060   37.7880   140.0010     8.20    0.46    0.6016    24.3525 
  52   13097.190   37.7830   140.0010     8.20    0.32    0.6892    27.5186 
  53   13113.520   37.7880   140.0060     8.20    0.23    0.3522    14.1731 
  54   13142.080   37.7880   139.9910     8.20   -0.03    0.2943    12.0817 
  55   13153.210   37.7830   140.0010     8.20    0.53    0.6869    27.4272 
  56   13160.700   37.7880   140.0110     8.20    0.79    0.4684    18.8282 
  57   13201.720   37.7880   140.0010     8.20    0.62    0.3814    15.4563 
  58   13210.140   37.7830   140.0010     8.20    0.20    0.5211    20.8081 
  59   13227.910   37.7830   140.0010     8.20    0.20    0.3426    13.6872 
  60   13246.310   37.7880   140.0010     8.20    0.99    0.5459    22.1004 
  61   13259.320   37.7880   140.0010     8.20    1.72    0.5577    22.5803 
  62   13290.350   37.7880   140.0060     8.20    2.60    0.5470    21.9948 
  63   13356.850   37.7880   139.9960     8.20    2.78    0.5498    22.1844 
  64   13381.060   37.7880   140.0010     8.20    2.74    0.9453    38.2412 
  65   13412.900   37.7880   140.0010     8.20    1.75    0.7989    32.3245 
  66   13423.150   37.7880   139.9960     8.20    2.32    0.3992    16.1107 
  67   13461.190   37.7880   140.0010     8.20    2.38    0.4644    18.8105 
  68   13471.950   37.7880   140.0010     8.20    1.80    0.4960    20.0840 
  69   13495.570   37.7930   140.0010     8.20    0.85    0.3226    13.1784 
  70   13513.720   37.7880   140.0010     8.20    0.40    0.3902    15.8119 
  71   13523.090   37.7880   139.9960     8.20    0.86    0.4142    16.7161 
  72   13533.260   37.7830   140.0010     8.20    0.43    0.3294    13.1577 
  73   13541.450   37.7880   140.0060     8.20    3.03    0.3991    16.0548 
  74   13558.990   37.7880   140.0060     8.20    2.21    0.3436    13.8292 
  75   13568.850   37.7880   139.9960     8.20    2.17    0.5670    22.8784 
  76   13576.630   37.7880   140.0460     8.20    1.92    0.3250    12.8084 
  77   13591.810   37.7880   139.9810     8.20    1.47    0.3703    14.9262 
  78   13641.890   37.7930   139.9510     8.20    0.79    0.3882    15.2249 
  79   13658.150   37.7880   140.0110     8.20    1.01    0.4025    16.1788 
  80   13668.980   37.7930   139.9560     8.20    3.20    0.3450    13.2613 
  81   13704.070   37.7930   139.9510     8.20    2.15    0.3874    15.1945 
  82   13725.120   37.7880   140.0060     8.20    1.17    0.4051    16.2972 
  83   13738.560   37.7830   140.0010     8.20    1.65    0.3482    13.9092 
  84   13745.750   37.7880   139.9660     8.20    1.78    0.4082    16.6717 
  85   13760.700   37.7880   140.0160     8.20    1.07    0.3495    13.8439 
  86   13769.730   37.7880   140.0010     8.20    1.87    0.4577    18.5390 
  87   13780.380   37.7880   140.0060     8.20    1.49    0.5374    21.6088 
  88   13795.130   37.7930   140.0010     8.20    1.72    0.5956    24.3248 
  89   13803.000   37.7880   140.0110     8.20    1.12    0.3157    12.6949 
  90   13809.970   37.7880   140.0060     8.20    0.83    0.3526    14.1885 
  91   13819.520   37.7830   140.0010     8.20    1.13    0.5315    21.2266 
  92   13848.960   37.7830   140.0010     8.20    1.45    0.5794    23.1355 
  93   13860.970   37.7880   140.0460     8.20    0.94    0.3576    14.0906 
  94   13870.500   37.7830   140.0010     8.20    1.63    0.4473    17.8656 
  95   13904.150   37.7880   140.0110     8.20    0.49    0.3001    12.0684 
  96   13917.150   37.7880   140.0160     8.20    0.71    0.3418    13.5404 
  97   13935.840   37.7880   140.0010     8.20    1.11    0.3776    15.3032 
  98   13949.750   37.7930   139.9610     8.20    0.30    0.3516    13.5705 
  99   13957.760   37.7880   139.9610     8.20    0.53    0.3494    13.6903 
 100   13972.490   37.7880   140.0010     8.20    0.82    0.3505    14.2064 
