#Event   Time      Lat.      Lon.        Depth    Mag.    Coef.      N(*MAD)
   1   12008.230   37.7930   139.9990     8.20   -0.01    0.4391    17.7250 
   2   12016.650   37.7930   140.0490     8.20    0.77    0.3749    14.2017 
   3   12034.520   37.7980   139.9940     8.20    0.58    0.3742    14.0245 
   4   12054.830   37.7980   140.0040     8.20    0.59    0.3612    14.3056 
   5   12066.650   37.8030   139.9990     8.20    0.20    0.3697    13.7073 
   6   12085.840   37.7930   139.9990     8.20    0.20    0.3743    15.1097 
   7   12103.390   37.7980   139.9940     8.20    0.15    0.3688    13.8243 
   8   12146.330   37.7880   139.9640     8.20    2.70    0.3523    13.3461 
   9   12337.140   37.7980   139.9640     8.20    1.62    0.3892    14.8663 
  10   12386.310   37.7880   140.0140     8.20    2.79    0.3189    12.4730 
  11   12470.910   37.7930   140.0040     8.20    1.18    0.4705    18.6087 
  12   12488.520   37.7880   140.0040     8.20    0.34    0.5379    21.0742 
  13   12504.820   37.7880   139.9940     8.20    0.77    0.4187    16.3238 
  14   12512.970   37.7880   140.0240     8.20    1.11    0.3335    13.0739 
  15   12532.590   37.7880   140.0040     8.20    1.27    0.4154    16.2752 
  16   12576.040   37.7830   140.0040     8.20    0.63    0.3271    13.1470 
  17   12590.020   37.7880   140.0490     8.20    0.44    0.3267    12.2878 
  18   12614.330   37.7830   140.0040     8.20    1.88    0.3722    14.9595 
  19   12630.410   37.7880   140.0040     8.20    1.05    0.4989    19.5438 
  20   12637.710   37.7880   139.9990     8.20    1.37    0.3828    15.2811 
  21   12646.620   37.7930   140.0040     8.20    0.96    0.3318    13.1283 
  22   12669.230   37.7880   140.0040     8.20    0.36    0.3298    12.9220 
  23   12700.770   37.7880   139.9840     8.20    1.22    0.3311    12.4716 
  24   12712.860   37.7930   139.9640     8.20    1.20    0.3456    13.2299 
  25   12744.030   37.7830   140.0040     8.20   -0.02    0.3151    12.6670 
  26   12752.850   37.7880   140.0040     8.20    0.35    0.3087    12.0955 
  27   12762.030   37.7880   139.9990     8.20    1.05    0.3188    12.7281 
  28   12775.020   37.7980   139.9990     8.20    0.23    0.4519    18.0861 
  29   12791.030   37.7880   140.0340     8.20    0.36    0.3344    12.8859 
  30   12811.760   37.7980   139.9990     8.20    0.83    0.5492    21.9745 
  31   12831.400   37.7830   140.0040     8.20    2.33    0.3596    14.4533 
  32   12843.190   37.7880   140.0340     8.20    2.26    0.3692    14.2238 
  33   12860.520   37.7880   139.9990     8.20    1.21    0.3534    14.1074 
  34   12909.080   37.7880   140.0040     8.20    0.41    0.4857    19.0269 
  35   12941.790   37.7930   139.9640     8.20   -0.03    0.3215    12.3058 
  36   12953.460   37.7880   140.0090     8.20    0.32    0.3087    12.4408 
  37   12977.890   37.7930   139.9940     8.20    0.79    0.3343    13.2737 
  38   12999.780   37.7880   140.0040     8.20    0.68    0.5638    22.0852 
  39   13037.700   37.7930   140.0040     8.20    0.59    0.5748    22.7350 
  40   13055.140   37.7880   139.9990     8.20    0.86    0.3097    12.3634 
  41   13068.810   37.7980   139.9990     8.20    0.24    0.3334    13.3486 
  42   13085.650   37.7930   139.9990     8.20   -0.05    0.3693    14.9070 
  43   13102.180   37.7930   139.9990     8.20    0.04    0.3545    14.3104 
  44   13113.500   37.7930   140.0040     8.20    0.16    0.3081    12.1923 
  45   13161.500   37.7930   139.9640     8.20    0.70    0.3602    13.7865 
  46   13228.100   37.7930   139.9990     8.20    0.19    0.4089    16.5057 
  47   13247.090   37.7930   139.9540     8.20    1.02    0.3528    13.3916 
  48   13264.300   37.7880   140.0040     8.20    1.24    0.3503    13.7233 
  49   13290.360   37.7930   140.0040     8.20    2.47    0.6835    27.0289 
  50   13355.940   37.7880   140.0440     8.20    2.69    0.3894    14.7976 
  51   13365.820   37.7880   140.0490     8.20    2.39    0.3196    12.0198 
  52   13380.420   37.7880   140.0340     8.20    2.70    0.3409    13.1333 
  53   13412.070   37.7880   140.0440     8.20    1.71    0.3641    13.8364 
  54   13422.720   37.7880   140.0190     8.20    2.24    0.3405    13.4587 
  55   13461.200   37.7930   139.9990     8.20    2.37    0.4020    16.2274 
  56   13471.960   37.7930   139.9990     8.20    1.76    0.5448    21.9891 
  57   13495.630   37.7930   139.9990     8.20    0.78    0.5144    20.7622 
  58   13522.660   37.7880   140.0190     8.20    0.75    0.3367    13.3087 
  59   13528.960   37.7930   139.9990     8.20    0.37    0.4194    16.9290 
  60   13542.240   37.7930   139.9590     8.20    2.92    0.3618    13.6511 
  61   13559.000   37.7930   140.0040     8.20    2.12    0.3085    12.2057 
  62   13577.510   37.7930   139.9990     8.20    1.89    0.3671    14.8194 
  63   13600.330   37.7880   139.9990     8.20    1.46    0.3734    14.9052 
  64   13611.730   37.7930   139.9990     8.20    0.58    0.3039    12.2685 
  65   13641.090   37.7930   139.9990     8.20    0.72    0.4777    19.2839 
  66   13658.460   37.7930   139.9940     8.20    0.96    0.3439    13.6558 
  67   13668.150   37.7930   140.0040     8.20    3.20    1.0000    39.5413 
  68   13703.440   37.7930   139.9890     8.20    2.13    0.3988    15.5709 
  69   13756.470   37.7930   139.9990     8.20    0.93    0.3879    15.6591 
  70   13769.740   37.7930   139.9990     8.20    1.79    0.6139    24.7816 
  71   13781.150   37.7930   139.9590     8.20    1.44    0.3376    12.7380 
  72   13794.500   37.7930   140.0340     8.20    1.67    0.3776    14.5340 
  73   13803.290   37.8030   139.9940     8.20    1.05    0.3265    12.9079 
  74   13809.980   37.7930   140.0040     8.20    0.79    0.3744    14.8117 
  75   13861.840   37.7930   139.9990     8.20    0.83    0.5935    23.9551 
  76   13892.150   37.7930   139.9990     8.20    0.26    0.2988    12.0650 
  77   13903.330   37.7930   139.9990     8.20    0.46    0.5148    20.7801 
  78   13917.640   37.7930   139.9890     8.20    0.65    0.3813    14.8879 
  79   13935.840   37.7930   139.9990     8.20    1.08    0.5677    22.9142 
  80   13949.070   37.7930   139.9990     8.20    0.32    0.4958    20.0126 
  81   13972.690   37.7830   139.9990     8.20    0.74    0.3622    14.6997 
