#Event   Time      Lat.      Lon.        Depth    Mag.    Coef.      N(*MAD)
   1   12017.530   37.7950   140.0030     7.70    0.57    0.4727    18.4479 
   2   12034.280   37.8350   139.9530     7.70    0.32    0.3836    14.4815 
   3   12054.840   37.8150   139.9830     7.70    0.39    0.3299    12.9276 
   4   12103.360   37.7950   139.9980     7.70    0.01    0.3634    14.2743 
   5   12146.140   37.8000   139.9580     7.70    2.50    0.3323    12.5455 
   6   12253.900   37.7900   139.9580     7.70    2.87    0.4263    16.5755 
   7   12336.380   37.7950   140.0080     7.70    1.47    0.4134    16.4074 
   8   12374.920   37.7900   139.9580     7.70    0.59    0.3253    12.6488 
   9   12387.290   37.7900   139.9580     7.70    2.62    0.3655    14.2089 
  10   12470.290   37.8000   140.0280     7.70    1.06    0.3388    13.0051 
  11   12489.150   37.7900   139.9680     7.70    0.19    0.3310    12.8960 
  12   12504.660   37.7850   140.0030     7.70    0.58    0.3365    13.4068 
  13   12513.550   37.7900   139.9930     7.70    0.92    0.3861    15.2689 
  14   12531.270   37.7900   139.9980     7.70    1.17    0.4265    16.9606 
  15   12551.930   37.7900   139.9630     7.70    0.40    0.3365    12.9730 
  16   12575.740   37.7950   140.0080     7.70    0.46    0.3329    13.2165 
  17   12591.000   37.7900   139.9980     7.70    0.27    0.5165    20.5364 
  18   12614.960   37.7900   139.9780     7.70    1.68    0.3806    14.5296 
  19   12638.500   37.7900   139.9530     7.70    1.14    0.3956    15.3553 
  20   12652.050   37.7900   140.0030     7.70    1.25    0.3731    14.8898 
  21   12700.440   37.7850   140.0030     7.70    1.04    0.5067    20.1799 
  22   12711.700   37.7950   140.0230     7.70    1.08    0.4126    15.6897 
  23   12753.630   37.7900   139.9580     7.70    0.18    0.3562    13.8479 
  24   12761.870   37.7850   140.0080     7.70    0.87    0.3451    13.6345 
  25   12791.630   37.7900   140.0030     7.70    0.16    0.4949    19.7428 
  26   12811.590   37.7950   140.0080     7.70    0.62    0.3735    14.8267 
  27   12822.070   37.7850   139.9930     7.70    0.03    0.3289    12.8483 
  28   12831.110   37.7950   140.0230     7.70    2.17    0.3872    14.7264 
  29   12843.800   37.7900   140.0030     7.70    2.02    0.5518    22.0084 
  30   12860.350   37.7850   140.0080     7.70    1.07    0.3112    12.2987 
  31   12896.390   37.7900   139.9980     7.70    0.80    0.6021    23.9357 
  32   12932.830   37.7900   139.9930     7.70   -0.07    0.3482    13.7711 
  33   12948.510   37.7900   139.9980     7.70    0.03    0.5357    21.2978 
  34   12963.460   37.7900   140.0080     7.70   -0.03    0.3777    14.6671 
  35   12977.730   37.7900   140.0030     7.70    0.59    0.4836    19.2934 
  36   13000.170   37.7900   139.9830     7.70    0.48    0.3509    13.6780 
  37   13026.000   37.7900   139.9530     7.70    0.67    0.3677    14.2737 
  38   13033.230   37.7900   140.0030     7.70    0.12    0.3714    14.8219 
  39   13043.120   37.7900   139.9980     7.70    0.50    0.3628    14.4311 
  40   13055.600   37.7900   139.9730     7.70    0.67    0.3901    15.1861 
  41   13076.520   37.7900   140.0030     7.70   -0.01    0.4598    18.3442 
  42   13097.330   37.7850   139.9930     7.70    0.07    0.4041    15.7794 
  43   13113.540   37.7900   140.0030     7.70   -0.03    0.3049    12.1713 
  44   13141.930   37.7900   139.9980     7.70   -0.28    0.3426    13.6303 
  45   13153.180   37.7850   140.0030     7.70    0.28    0.3941    15.6970 
  46   13160.840   37.7900   140.0030     7.70    0.60    0.6056    24.1538 
  47   13201.740   37.7900   139.9980     7.70    0.36    0.4631    18.4155 
  48   13228.050   37.7900   140.0030     7.70   -0.02    0.3023    12.0667 
  49   13237.240   37.7900   139.9980     7.70   -0.33    0.4073    16.2018 
  50   13246.280   37.7900   140.0030     7.70    0.81    0.3650    14.5665 
  51   13259.790   37.7900   139.9730     7.70    1.44    0.3723    14.4918 
  52   13290.190   37.7900   140.0130     7.70    2.35    0.3894    15.2777 
  53   13356.820   37.7900   139.9980     7.70    2.50    1.0000    39.7398 
  54   13366.790   37.7900   139.9980     7.70    2.22    0.3802    15.1248 
  55   13381.020   37.7900   140.0030     7.70    2.46    0.4819    19.2263 
  56   13412.870   37.7900   140.0030     7.70    1.54    0.5787    23.0812 
  57   13423.710   37.7900   139.9630     7.70    2.03    0.4385    16.9080 
  58   13461.150   37.7900   140.0030     7.70    2.19    0.4633    18.4817 
  59   13471.900   37.7900   140.0030     7.70    1.58    0.3856    15.3894 
  60   13490.650   37.7900   139.9980     7.70    0.51    0.3934    15.6462 
  61   13513.690   37.7900   140.0030     7.70    0.15    0.4708    18.7806 
  62   13523.050   37.7900   139.9980     7.70    0.59    0.4745    18.8691 
  63   13541.590   37.7900   139.9980     7.70    2.78    0.7623    30.2986 
  64   13558.360   37.8000   140.0280     7.70    1.94    0.3172    12.1760 
  65   13568.820   37.7900   139.9980     7.70    1.92    0.6833    27.1616 
  66   13591.490   37.7900   139.9980     7.70    1.25    0.4858    19.3181 
  67   13640.540   37.7900   140.0280     7.70    0.53    0.3399    12.9611 
  68   13658.290   37.7900   140.0030     7.70    0.81    0.5902    23.5391 
  69   13668.940   37.7950   139.9580     7.70    2.99    0.3512    13.3151 
  70   13703.280   37.7900   139.9980     7.70    1.99    0.3812    15.1621 
  71   13739.150   37.7900   139.9630     7.70    1.39    0.3702    14.2719 
  72   13745.610   37.7900   139.9730     7.70    1.47    0.3646    14.1938 
  73   13761.020   37.7900   139.9980     7.70    0.89    0.4918    19.5567 
  74   13769.680   37.7900   140.0030     7.70    1.66    0.4065    16.2189 
  75   13779.910   37.7950   140.0230     7.70    1.31    0.3596    13.6759 
  76   13795.270   37.7950   139.9930     7.70    1.47    0.3539    13.8544 
  77   13803.140   37.7900   140.0030     7.70    0.86    0.3588    14.3201 
  78   13822.880   37.7900   140.0030     7.70    0.76    0.5729    22.8514 
  79   13848.940   37.7850   140.0030     7.70    1.16    0.5874    23.3905 
  80   13870.480   37.7850   140.0030     7.70    1.39    0.5201    20.7105 
  81   13904.280   37.7900   140.0030     7.70    0.26    0.3216    12.8387 
  82   13910.430   37.7950   139.9980     7.70    0.20    0.3356    13.1878 
  83   13917.470   37.7900   139.9980     7.70    0.49    0.4571    18.1786 
  84   13935.680   37.7900   140.0080     7.70    0.90    0.3604    13.9955 
  85   13956.750   37.7850   140.0180     7.70    0.28    0.3080    12.0591 
  86   13963.520   37.7900   140.0030     7.70    0.10    0.4363    17.4065 
  87   13972.450   37.7900   140.0030     7.70    0.57    0.4377    17.4653 
