#Event   Time      Lat.      Lon.        Depth    Mag.    Coef.      N(*MAD)
   1   12010.580   37.7970   139.9980     7.20   -0.17    0.3243    13.0925 
   2   12017.410   37.8020   140.0030     7.20    0.77    0.4341    16.7535 
   3   12034.380   37.7970   140.0030     7.20    0.50    0.3705    14.6304 
   4   12066.650   37.8020   139.9980     7.20    0.20    0.3109    12.5493 
   5   12103.400   37.7970   139.9930     7.20    0.12    0.4164    16.4298 
   6   12252.730   37.7870   140.0230     7.20    3.06    0.3639    14.0047 
   7   12336.550   37.7970   139.9980     7.20    1.67    0.6884    27.7870 
   8   12471.760   37.7970   139.9530     7.20    1.18    0.4192    15.8812 
   9   12504.660   37.7870   140.0030     7.20    0.73    0.4539    17.7761 
  10   12513.800   37.7920   139.9780     7.20    1.08    0.3259    12.8039 
  11   12532.490   37.7970   140.0030     7.20    1.27    0.3598    14.2069 
  12   12556.130   37.7870   140.0030     7.20    0.28    0.4155    16.2734 
  13   12576.560   37.7920   139.9680     7.20    0.61    0.3602    13.9076 
  14   12591.060   37.7920   139.9930     7.20    0.39    0.3076    12.1767 
  15   12615.130   37.7920   139.9680     7.20    1.87    0.3505    13.5319 
  16   12630.420   37.7870   140.0030     7.20    1.03    0.5910    23.1392 
  17   12637.720   37.7870   139.9980     7.20    1.39    0.4629    18.0521 
  18   12652.400   37.7920   139.9830     7.20    1.47    0.3176    12.3234 
  19   12700.490   37.7870   139.9980     7.20    1.26    0.3958    15.4372 
  20   12712.190   37.7920   140.0030     7.20    1.25    0.4987    19.7316 
  21   12762.050   37.7870   139.9980     7.20    1.03    0.4937    19.2506 
  22   12775.030   37.7970   139.9980     7.20    0.23    0.3498    14.1238 
  23   12791.680   37.7920   139.9980     7.20    0.31    0.5868    22.6052 
  24   12811.770   37.7970   139.9980     7.20    0.78    0.5025    20.2842 
  25   12821.950   37.7870   139.9980     7.20    0.24    0.3583    13.9801 
  26   12831.600   37.7920   140.0030     7.20    2.32    0.4040    15.9872 
  27   12843.850   37.7920   139.9980     7.20    2.20    0.5473    21.0842 
  28   12860.540   37.7870   139.9980     7.20    1.22    0.4221    16.4632 
  29   12883.660   37.7870   139.9980     7.20    0.62    0.3354    13.0877 
  30   12896.380   37.7920   139.9980     7.20    1.00    0.3952    15.2311 
  31   12932.710   37.7920   139.9980     7.20    0.05    0.3784    14.5842 
  32   12941.100   37.7920   140.0030     7.20   -0.04    0.5032    19.9118 
  33   12953.490   37.7870   140.0080     7.20    0.25    0.3023    12.0430 
  34   12963.640   37.7920   139.9980     7.20    0.16    0.4465    17.2041 
  35   12977.790   37.7920   139.9980     7.20    0.80    0.3487    13.4402 
  36   13000.050   37.7870   139.9930     7.20    0.68    0.3185    12.3225 
  37   13024.850   37.7870   140.0180     7.20    0.84    0.3171    12.5858 
  38   13044.920   37.7920   139.9980     7.20    0.48    0.3363    12.9623 
  39   13055.770   37.7920   139.9630     7.20    0.84    0.3522    13.6854 
  40   13081.080   37.7920   139.9980     7.20    0.35    0.6219    23.9577 
  41   13097.210   37.7870   139.9980     7.20    0.24    0.4122    16.0789 
  42   13113.550   37.7920   140.0030     7.20    0.12    0.4617    18.2700 
  43   13128.590   37.7920   139.9980     7.20   -0.24    0.3574    13.7732 
  44   13153.230   37.7870   139.9980     7.20    0.44    0.4657    18.1587 
  45   13161.030   37.7920   139.9930     7.20    0.73    0.3871    15.3206 
  46   13173.410   37.7970   140.0030     7.20    0.02    0.4391    17.3336 
  47   13196.740   37.7920   139.9680     7.20    0.45    0.3659    14.1248 
  48   13210.150   37.7870   139.9980     7.20    0.12    0.3527    13.7622 
  49   13228.230   37.7870   139.9980     7.20    0.10    0.3201    12.4930 
  50   13246.330   37.7920   139.9980     7.20    0.93    0.4285    16.5128 
  51   13264.310   37.7870   140.0030     7.20    1.20    0.4130    16.1738 
  52   13290.370   37.7920   140.0030     7.20    2.50    1.0000    39.5481 
  53   13357.000   37.7920   139.9880     7.20    2.65    0.4079    16.0532 
  54   13367.270   37.7870   139.9780     7.20    2.35    0.3288    12.5658 
  55   13381.070   37.7920   139.9980     7.20    2.64    0.5530    21.3052 
  56   13401.020   37.7870   140.0030     7.20    1.31    0.3637    14.2449 
  57   13412.920   37.7920   139.9980     7.20    1.68    0.5341    20.5784 
  58   13422.520   37.7870   140.0280     7.20    2.24    0.3849    14.9074 
  59   13461.210   37.7920   139.9980     7.20    2.25    0.5646    21.7532 
  60   13471.970   37.7920   139.9980     7.20    1.72    0.6360    24.4994 
  61   13495.660   37.7920   139.9980     7.20    0.73    0.3750    14.4523 
  62   13522.160   37.7870   140.0430     7.20    0.77    0.3507    13.3584 
  63   13528.970   37.7920   139.9980     7.20    0.35    0.3337    12.8612 
  64   13540.610   37.7870   140.0480     7.20    2.92    0.3510    13.5917 
  65   13546.700   37.7920   139.9980     7.20    2.82    0.4238    16.3314 
  66   13559.020   37.7920   140.0030     7.20    2.11    0.5315    21.0296 
  67   13568.850   37.7920   139.9930     7.20    2.08    0.3341    13.2243 
  68   13577.260   37.7920   139.9980     7.20    1.86    0.3575    13.7792 
  69   13641.110   37.7920   139.9980     7.20    0.67    0.4224    16.2776 
  70   13658.470   37.7920   139.9930     7.20    0.91    0.4337    17.1612 
  71   13668.160   37.7920   140.0030     7.20    3.23    0.6836    27.0429 
  72   13703.770   37.7870   139.9780     7.20    2.07    0.3515    13.4342 
  73   13713.350   37.7920   140.0030     7.20    1.27    0.3746    14.8275 
  74   13725.140   37.7920   140.0030     7.20    1.12    0.4167    16.4893 
  75   13734.680   37.7920   140.0030     7.20    1.03    0.3178    12.5835 
  76   13744.490   37.7870   140.0330     7.20    1.71    0.3444    13.3665 
  77   13756.490   37.7920   139.9980     7.20    0.90    0.3681    14.1854 
  78   13769.750   37.7920   139.9980     7.20    1.80    0.6637    25.5659 
  79   13780.390   37.7920   140.0030     7.20    1.43    0.5431    21.4862 
  80   13795.760   37.7970   139.9630     7.20    1.61    0.3833    14.8334 
  81   13803.320   37.7920   139.9930     7.20    1.05    0.3607    14.2773 
  82   13814.100   37.7920   140.0030     7.20    0.69    0.3745    14.8209 
  83   13823.050   37.7920   139.9930     7.20    0.92    0.3285    13.0032 
  84   13861.990   37.7870   139.9980     7.20    0.84    0.3524    13.7487 
  85   13904.300   37.7920   140.0030     7.20    0.41    0.3691    14.6098 
  86   13917.960   37.7870   139.9780     7.20    0.62    0.3357    12.8299 
  87   13935.850   37.7920   139.9980     7.20    1.07    0.6134    23.6291 
  88   13949.220   37.7870   139.9980     7.20    0.29    0.3488    13.6106 
  89   13956.730   37.7870   140.0180     7.20    0.40    0.3177    12.6106 
  90   13972.510   37.7920   139.9980     7.20    0.71    0.3601    13.8798 
