#Event   Time      Lat.      Lon.        Depth    Mag.    Coef.      N(*MAD)
   1   12034.370   37.7980   140.0010     8.20    0.43    0.4327    17.1219 
   2   12054.690   37.8030   140.0060     8.20    0.51    0.3785    14.8345 
   3   12085.820   37.7930   139.9960     8.20    0.14    0.4020    16.2553 
   4   12253.120   37.7880   140.0010     8.20    3.00    1.0000    40.5565 
   5   12323.950   37.7880   140.0010     8.20    1.07    0.3685    14.9574 
   6   12335.630   37.7930   140.0460     8.20    1.59    0.3327    12.8765 
   7   12363.640   37.7880   140.0010     8.20    0.09    0.4359    17.6912 
   8   12374.120   37.7880   140.0010     8.20    0.73    0.5494    22.2920 
   9   12386.490   37.7880   140.0010     8.20    2.74    0.6878    27.8997 
  10   12395.510   37.7880   140.0010     8.20    1.98    0.4573    18.5583 
  11   12425.590   37.7880   140.0010     8.20    0.78    0.4434    17.9952 
  12   12449.510   37.7980   140.0010     8.20    0.59    0.3863    15.2856 
  13   12470.930   37.7930   140.0010     8.20    1.10    0.4745    18.6521 
  14   12488.350   37.7880   140.0110     8.20    0.32    0.3530    14.2294 
  15   12504.640   37.7880   140.0010     8.20    0.67    0.5485    22.2546 
  16   12513.370   37.7880   140.0010     8.20    1.02    0.5269    21.3781 
  17   12532.620   37.7880   140.0010     8.20    1.16    0.4456    18.0822 
  18   12551.140   37.7880   140.0060     8.20    0.56    0.3796    14.2793 
  19   12564.490   37.7880   140.0010     8.20    0.18    0.3066    12.4492 
  20   12575.880   37.7880   140.0060     8.20    0.61    0.4697    17.6659 
  21   12614.320   37.7880   140.0110     8.20    1.80    0.4459    17.9664 
  22   12637.730   37.7880   139.9960     8.20    1.33    0.4432    17.6610 
  23   12652.050   37.7880   140.0010     8.20    1.43    0.6141    24.9152 
  24   12685.460   37.7880   140.0110     8.20    0.17    0.3011    12.1394 
  25   12700.310   37.7930   140.0010     8.20    1.22    0.4069    16.0008 
  26   12711.740   37.7880   140.0260     8.20    1.08    0.3331    13.0210 
  27   12752.850   37.7880   140.0010     8.20    0.30    0.7331    29.7373 
  28   12762.060   37.7880   139.9960     8.20    0.98    0.3846    15.3284 
  29   12790.760   37.7880   140.0460     8.20    0.23    0.4023    15.2613 
  30   12812.280   37.7980   139.9660     8.20    0.67    0.3206    12.6451 
  31   12822.570   37.7880   139.9610     8.20    0.12    0.3555    13.3699 
  32   12831.050   37.7880   140.0310     8.20    2.25    0.3768    14.7803 
  33   12842.930   37.7880   140.0460     8.20    2.16    0.4464    16.9341 
  34   12860.550   37.7880   139.9960     8.20    1.18    0.3645    14.5273 
  35   12897.150   37.7930   139.9510     8.20    0.94    0.4295    16.4740 
  36   12915.050   37.7880   140.0010     8.20    0.19    0.6289    25.5137 
  37   12932.090   37.7880   140.0310     8.20    0.07    0.3885    15.2411 
  38   12940.360   37.7880   140.0410     8.20   -0.09    0.3152    12.1336 
  39   12962.710   37.7880   140.0460     8.20    0.09    0.3978    15.0919 
  40   12977.740   37.7930   140.0010     8.20    0.74    0.4506    17.7131 
  41   12999.800   37.7880   140.0010     8.20    0.61    0.3766    15.2860 
  42   13025.240   37.7880   139.9960     8.20    0.77    0.3984    15.8765 
  43   13043.890   37.7930   140.0460     8.20    0.55    0.3342    12.9364 
  44   13055.100   37.7880   140.0010     8.20    0.79    0.7257    29.4371 
  45   13066.710   37.7980   140.0060     8.20    0.32    0.4196    16.7638 
  46   13077.300   37.7930   139.9560     8.20    0.12    0.3511    13.6840 
  47   13097.830   37.7880   139.9610     8.20    0.16    0.4085    15.3642 
  48   13112.270   37.7880   140.0060     8.20    0.06    0.3410    12.8311 
  49   13142.040   37.7830   139.9960     8.20   -0.17    0.3359    13.0089 
  50   13153.680   37.7880   139.9710     8.20    0.41    0.4069    15.5733 
  51   13161.520   37.7930   139.9610     8.20    0.66    0.3720    14.3415 
  52   13201.100   37.7880   140.0310     8.20    0.52    0.3588    14.0769 
  53   13209.610   37.7830   140.0260     8.20    0.07    0.3282    12.8060 
  54   13228.060   37.7930   140.0010     8.20    0.09    0.3523    13.8578 
  55   13248.910   37.7880   140.0010     8.20    0.64    0.5295    21.4846 
  56   13259.280   37.7880   140.0010     8.20    1.61    0.4805    19.4972 
  57   13279.550   37.7880   139.9960     8.20    0.26    0.4138    16.4913 
  58   13289.430   37.7880   140.0510     8.20    2.44    0.3631    14.1795 
  59   13341.370   37.7880   139.9960     8.20    0.32    0.3104    12.3737 
  60   13357.570   37.7930   139.9510     8.20    2.62    0.4397    16.8674 
  61   13380.150   37.7880   140.0460     8.20    2.62    0.4654    17.6515 
  62   13412.000   37.7880   140.0460     8.20    1.61    0.4437    16.8312 
  63   13423.100   37.7880   139.9960     8.20    2.19    0.7630    30.3925 
  64   13448.190   37.7880   139.9960     8.20    0.64    0.3426    13.6533 
  65   13461.660   37.7930   139.9710     8.20    2.36    0.3259    12.3190 
  66   13471.040   37.7880   140.0460     8.20    1.69    0.3838    14.5608 
  67   13523.050   37.7880   139.9960     8.20    0.72    0.6472    25.7811 
  68   13542.340   37.7930   139.9510     8.20    2.83    0.3901    14.9651 
  69   13558.060   37.7930   139.9960     8.20    2.05    0.4124    16.6743 
  70   13567.750   37.7880   140.0510     8.20    2.05    0.3785    14.7834 
  71   13577.500   37.7930   139.9960     8.20    1.82    0.3147    12.7317 
  72   13591.480   37.7880   139.9960     8.20    1.38    0.4297    17.1240 
  73   13641.090   37.7930   139.9960     8.20    0.66    0.4200    16.9814 
  74   13658.970   37.7930   139.9610     8.20    0.85    0.3589    13.8379 
  75   13668.340   37.7930   139.9910     8.20    3.12    0.3050    12.1739 
  76   13703.270   37.7930   139.9960     8.20    2.02    0.4206    17.0034 
  77   13738.480   37.7880   140.0010     8.20    1.52    0.6221    25.2366 
  78   13745.090   37.7880   140.0010     8.20    1.64    0.8850    35.8942 
  79   13761.020   37.7930   139.9960     8.20    0.95    0.2991    12.1009 
  80   13769.850   37.7930   139.9910     8.20    1.74    0.3335    13.3103 
  81   13779.840   37.7880   140.0310     8.20    1.35    0.3728    14.6224 
  82   13794.610   37.7930   140.0260     8.20    1.55    0.3506    13.8385 
  83   13823.550   37.7930   139.9610     8.20    0.87    0.3612    13.9248 
  84   13849.620   37.7880   139.9610     8.20    1.27    0.3936    14.8014 
  85   13871.240   37.7880   139.9560     8.20    1.47    0.3547    13.6326 
  86   13916.420   37.7880   140.0510     8.20    0.50    0.3221    12.5783 
  87   13936.380   37.7930   139.9660     8.20    0.93    0.3083    12.0780 
  88   13957.120   37.7880   139.9960     8.20    0.41    0.6350    25.2962 
  89   13972.720   37.7930   139.9860     8.20    0.70    0.3240    12.7049 
