#Event   Time      Lat.      Lon.        Depth    Mag.    Coef.      N(*MAD)
   1   12002.620   37.8000   139.9920     7.80   -0.19    0.5341    21.4678 
   2   12017.460   37.8300   139.9570     7.80    0.63    0.3107    12.0525 
   3   12039.190   37.7950   139.9920     7.80   -0.02    0.3041    12.1007 
   4   12049.490   37.8100   139.9820     7.80    0.03    0.3044    12.0235 
   5   12102.460   37.7950   140.0420     7.80    0.00    0.3387    13.4351 
   6   12145.530   37.8000   139.9920     7.80    2.60    1.0000    40.1795 
   7   12208.890   37.8000   139.9920     7.80    0.16    0.5390    21.6643 
   8   12335.880   37.8050   140.0220     7.80    1.44    0.3813    14.7515 
   9   12470.910   37.7950   140.0020     7.80    1.06    0.4039    16.3141 
  10   12488.510   37.7900   140.0020     7.80    0.22    0.3107    12.5146 
  11   12532.600   37.7900   140.0020     7.80    1.20    0.4587    18.4667 
  12   12590.980   37.7900   139.9970     7.80    0.28    0.3623    14.5234 
  13   12614.470   37.7900   140.0020     7.80    1.81    0.3496    14.0808 
  14   12629.590   37.8000   140.0320     7.80    1.00    0.3110    12.2082 
  15   12712.160   37.7900   140.0020     7.80    1.09    0.3868    15.5771 
  16   12805.030   37.7950   139.9920     7.80   -0.05    0.4231    16.8373 
  17   12811.310   37.8050   140.0120     7.80    0.62    0.3456    13.6420 
  18   12831.560   37.7900   140.0020     7.80    2.24    0.3646    14.6805 
  19   12909.070   37.7900   140.0020     7.80    0.31    0.3716    14.9640 
  20   12948.500   37.7900   139.9970     7.80    0.13    0.3188    12.7809 
  21   12999.780   37.7900   140.0020     7.80    0.54    0.5279    21.2530 
  22   13037.740   37.8100   139.9820     7.80    0.47    0.3505    13.8435 
  23   13080.410   37.8000   140.0220     7.80    0.26    0.3675    14.7334 
  24   13102.290   37.7850   139.9970     7.80   -0.05    0.3114    12.5677 
  25   13157.480   37.8000   139.9920     7.80    0.49    0.6372    25.6104 
  26   13245.670   37.8000   140.0220     7.80    0.86    0.3743    15.0030 
  27   13289.530   37.8050   140.0320     7.80    2.45    0.3238    12.5793 
  28   13366.790   37.7900   139.9970     7.80    2.20    0.4034    16.1700 
  29   13461.130   37.7900   140.0020     7.80    2.13    0.3692    14.8666 
  30   13523.020   37.7900   139.9970     7.80    0.76    0.3097    12.4170 
  31   13541.580   37.7900   139.9970     7.80    2.79    0.4548    18.2290 
  32   13600.320   37.7900   139.9970     7.80    1.30    0.3725    14.9307 
  33   13640.940   37.8350   139.9420     7.80    0.50    0.3127    12.0787 
  34   13657.820   37.8000   140.0170     7.80    0.84    0.3379    13.1198 
  35   13668.160   37.7950   140.0020     7.80    3.10    0.3516    14.2067 
  36   13702.820   37.8000   140.0120     7.80    1.99    0.4111    16.0953 
  37   13768.910   37.8050   140.0270     7.80    1.72    0.3188    12.4467 
  38   13780.350   37.7900   140.0020     7.80    1.36    0.3439    13.8485 
  39   13795.270   37.8100   139.9720     7.80    1.48    0.3136    12.1371 
  40   13802.670   37.8000   140.0170     7.80    0.91    0.3318    12.8850 
  41   13861.740   37.8300   139.9520     7.80    0.69    0.3343    12.9475 
  42   13910.400   37.7950   139.9970     7.80    0.18    0.3272    13.1389 
  43   13917.020   37.8000   140.0120     7.80    0.51    0.3940    15.4294 
  44   13935.200   37.8000   140.0220     7.80    0.91    0.3649    14.6273 
  45   13948.970   37.8300   139.9520     7.80    0.16    0.3151    12.2061 
  46   13963.510   37.7900   140.0020     7.80    0.14    0.3716    14.9640 
