#Event   Time      Lat.      Lon.        Depth    Mag.    Coef.      N(*MAD)
   1   12017.410   37.8020   140.0020     7.40    0.61    0.3546    14.6690 
   2   12034.300   37.8020   140.0020     7.40    0.36    0.3401    14.0699 
   3   12054.910   37.8020   139.9970     7.40    0.42    0.3403    13.7594 
   4   12085.880   37.7920   139.9970     7.40    0.04    0.4137    16.9828 
   5   12253.180   37.7870   140.0020     7.40    2.91    0.7629    31.7039 
   6   12324.010   37.7870   140.0020     7.40    0.98    0.3890    16.1859 
   7   12336.060   37.7920   140.0270     7.40    1.50    0.3221    12.8058 
   8   12374.180   37.7870   140.0020     7.40    0.65    0.4934    20.5203 
   9   12386.550   37.7870   140.0020     7.40    2.65    0.6549    27.2205 
  10   12395.570   37.7870   140.0020     7.40    1.89    0.4069    16.9273 
  11   12425.630   37.7870   140.0020     7.40    0.74    0.2950    12.2828 
  12   12449.570   37.7970   140.0020     7.40    0.54    0.3846    15.8610 
  13   12470.990   37.7920   140.0020     7.40    1.03    0.4167    16.9022 
  14   12488.590   37.7870   140.0020     7.40    0.22    0.3725    15.5021 
  15   12504.690   37.7870   140.0020     7.40    0.55    0.3667    15.2580 
  16   12513.420   37.7870   140.0020     7.40    0.94    0.4729    19.6675 
  17   12532.680   37.7870   140.0020     7.40    1.13    0.4988    20.7419 
  18   12551.370   37.7870   139.9970     7.40    0.43    0.4396    18.0240 
  19   12575.810   37.7870   140.0120     7.40    0.52    0.3356    13.6690 
  20   12614.560   37.7870   140.0020     7.40    1.70    0.4742    19.7200 
  21   12637.780   37.7870   139.9970     7.40    1.20    0.4199    17.2155 
  22   12652.110   37.7870   140.0020     7.40    1.33    0.6753    28.0688 
  23   12685.700   37.7870   140.0020     7.40    0.08    0.3328    13.8537 
  24   12701.010   37.7870   139.9720     7.40    1.07    0.4055    15.9176 
  25   12711.360   37.7920   140.0420     7.40    1.02    0.3110    12.3195 
  26   12752.900   37.7870   140.0020     7.40    0.25    0.5258    21.8628 
  27   12762.720   37.7870   139.9620     7.40    0.85    0.3980    15.8185 
  28   12792.350   37.7920   139.9620     7.40    0.16    0.3778    14.6414 
  29   12812.340   37.7970   139.9670     7.40    0.60    0.3424    13.7434 
  30   12822.630   37.7870   139.9620     7.40    0.01    0.3698    14.6995 
  31   12831.470   37.7870   140.0120     7.40    2.14    0.3974    16.1831 
  32   12843.840   37.7870   140.0020     7.40    2.08    0.3998    16.6329 
  33   12861.050   37.7870   139.9720     7.40    1.11    0.3400    13.3502 
  34   12897.210   37.7920   139.9520     7.40    0.81    0.4322    16.6961 
  35   12915.100   37.7870   140.0020     7.40    0.12    0.4283    17.8168 
  36   12932.710   37.7870   140.0020     7.40   -0.06    0.3656    15.2128 
  37   12964.460   37.7920   139.9520     7.40   -0.01    0.3929    15.1824 
  38   12977.960   37.7920   139.9920     7.40    0.65    0.3787    15.4146 
  39   12999.860   37.7870   140.0020     7.40    0.50    0.4746    19.7376 
  40   13016.740   37.7870   139.9620     7.40   -0.04    0.3021    12.0089 
  41   13025.280   37.7870   139.9970     7.40    0.67    0.4715    19.3321 
  42   13043.830   37.7970   140.0470     7.40    0.46    0.3413    13.7306 
  43   13055.150   37.7870   140.0020     7.40    0.70    0.4559    18.9631 
  44   13066.770   37.7970   140.0070     7.40    0.17    0.3251    13.2775 
  45   13080.570   37.7870   140.0270     7.40    0.25    0.3211    12.8923 
  46   13097.890   37.7870   139.9620     7.40    0.06    0.4130    16.4135 
  47   13141.990   37.7870   139.9970     7.40   -0.28    0.3846    15.7717 
  48   13153.900   37.7870   139.9620     7.40    0.28    0.3783    15.0366 
  49   13161.670   37.7920   139.9570     7.40    0.56    0.3477    13.6561 
  50   13201.800   37.7870   139.9970     7.40    0.36    0.3734    15.3129 
  51   13210.830   37.7870   139.9620     7.40   -0.07    0.3248    12.9095 
  52   13228.460   37.7920   139.9820     7.40   -0.05    0.3078    12.2614 
  53   13237.240   37.7920   139.9970     7.40   -0.27    0.2951    12.1232 
  54   13248.960   37.7870   140.0020     7.40    0.55    0.3908    16.2615 
  55   13259.210   37.7870   140.0070     7.40    1.51    0.4383    17.9695 
  56   13279.600   37.7870   139.9970     7.40    0.17    0.4671    19.1494 
  57   13290.960   37.7920   139.9720     7.40    2.32    0.3270    12.6870 
  58   13341.420   37.7870   139.9970     7.40    0.30    0.3084    12.6479 
  59   13357.630   37.7920   139.9520     7.40    2.54    0.4539    17.5347 
  60   13381.060   37.7870   140.0020     7.40    2.51    0.4346    18.0779 
  61   13413.600   37.7920   139.9620     7.40    1.54    0.3720    14.4154 
  62   13423.160   37.7870   139.9970     7.40    2.10    1.0000    40.9818 
  63   13448.250   37.7870   139.9970     7.40    0.57    0.3722    15.2611 
  64   13472.390   37.7920   139.9770     7.40    1.58    0.3803    15.1806 
  65   13495.690   37.7920   139.9970     7.40    0.58    0.3047    12.5153 
  66   13523.100   37.7870   139.9970     7.40    0.60    0.8865    36.3308 
  67   13541.270   37.7870   140.0170     7.40    2.83    0.4080    16.1365 
  68   13558.120   37.7920   139.9970     7.40    1.99    0.4051    16.6304 
  69   13569.530   37.7920   139.9570     7.40    1.96    0.3986    15.6513 
  70   13577.570   37.7920   139.9970     7.40    1.70    0.4520    18.5530 
  71   13591.540   37.7870   139.9970     7.40    1.29    0.6797    27.8613 
  72   13623.440   37.7870   139.9970     7.40    0.19    0.2970    12.1814 
  73   13641.150   37.7920   139.9970     7.40    0.55    0.4044    16.6009 
  74   13658.480   37.7970   139.9870     7.40    0.79    0.3501    13.9040 
  75   13668.390   37.7920   139.9920     7.40    3.06    0.3189    12.9814 
  76   13702.370   37.7870   140.0470     7.40    1.87    0.3352    13.3141 
  77   13738.530   37.7870   140.0020     7.40    1.40    0.3928    16.3423 
  78   13745.150   37.7870   140.0020     7.40    1.50    0.6568    27.3006 
  79   13761.590   37.7920   139.9670     7.40    0.88    0.3409    13.3797 
  80   13770.170   37.7920   139.9770     7.40    1.65    0.3695    14.7522 
  81   13780.370   37.7870   140.0070     7.40    1.30    0.3182    13.0530 
  82   13795.040   37.7920   140.0070     7.40    1.51    0.3826    15.7080 
  83   13819.530   37.7820   140.0020     7.40    0.85    0.3179    12.8880 
  84   13849.680   37.7870   139.9620     7.40    1.21    0.3765    14.9634 
  85   13870.360   37.7920   140.0020     7.40    1.40    0.3302    13.3958 
  86   13918.040   37.7920   139.9670     7.40    0.46    0.3170    12.4459 
  87   13936.270   37.7920   139.9770     7.40    0.84    0.3030    12.1008 
  88   13957.180   37.7870   139.9970     7.40    0.31    0.7117    29.1706 
  89   13963.190   37.7870   140.0220     7.40    0.03    0.3095    12.5377 
  90   13972.550   37.8020   140.0170     7.40    0.60    0.3336    13.4972 
  91   13981.140   37.7870   139.9970     7.40   -0.14    0.3199    13.1212 
