#Event   Time      Lat.      Lon.        Depth    Mag.    Coef.      N(*MAD)
   1   12017.410   37.7940   140.0080     7.90    0.66    0.3617    14.3782 
   2   12033.690   37.7940   140.0380     7.90    0.47    0.3185    12.4224 
   3   12054.830   37.8240   139.9680     7.90    0.51    0.3343    12.8876 
   4   12085.870   37.7990   139.9880     7.90    0.11    0.3195    12.8141 
   5   12103.540   37.7890   139.9930     7.90    0.08    0.3023    12.0956 
   6   12132.150   37.7940   139.9980     7.90    1.17    0.4038    16.3612 
   7   12253.780   37.7890   139.9630     7.90    2.98    0.4771    18.8991 
   8   12336.550   37.7940   139.9980     7.90    1.52    0.5371    21.7586 
   9   12373.480   37.8140   140.0030     7.90    0.76    0.3129    12.2836 
  10   12387.170   37.7890   139.9630     7.90    2.72    0.3763    14.9089 
  11   12395.920   37.7890   139.9780     7.90    1.98    0.3036    12.0967 
  12   12425.680   37.7840   139.9980     7.90    0.80    0.3182    12.5689 
  13   12470.030   37.7890   140.0480     7.90    1.09    0.3351    12.9885 
  14   12488.950   37.7890   139.9780     7.90    0.32    0.3063    12.2059 
  15   12505.480   37.7890   139.9530     7.90    0.69    0.4115    16.1703 
  16   12513.430   37.7890   139.9980     7.90    1.05    0.6686    26.7994 
  17   12532.950   37.7890   139.9830     7.90    1.21    0.3568    14.3340 
  18   12551.820   37.7890   139.9680     7.90    0.46    0.3316    12.7552 
  19   12566.150   37.7890   139.9980     7.90    0.04    0.4226    16.9510 
  20   12575.910   37.7890   140.0030     7.90    0.58    0.3239    12.9526 
  21   12582.570   37.7940   139.9930     7.90    0.51    0.3406    13.7807 
  22   12614.380   37.7940   140.0030     7.90    1.80    0.4176    16.6090 
  23   12630.430   37.7840   140.0030     7.90    1.01    0.3577    14.5631 
  24   12637.720   37.7840   139.9980     7.90    1.35    0.4847    19.1295 
  25   12652.230   37.7890   139.9930     7.90    1.43    0.3889    15.5510 
  26   12700.480   37.7840   139.9980     7.90    1.22    0.5514    21.7583 
  27   12712.180   37.7890   140.0030     7.90    1.13    0.4416    17.6537 
  28   12723.850   37.7890   139.9980     7.90    0.21    0.4440    17.8061 
  29   12743.900   37.7890   140.0030     7.90   -0.15    0.3346    13.3802 
  30   12753.680   37.7890   139.9530     7.90    0.28    0.3804    14.9501 
  31   12762.050   37.7840   139.9980     7.90    0.97    0.6242    24.6237 
  32   12791.680   37.7890   139.9980     7.90    0.24    0.8083    32.3898 
  33   12811.290   37.7940   140.0230     7.90    0.74    0.3123    12.3817 
  34   12821.950   37.7840   139.9980     7.90    0.18    0.5958    23.5057 
  35   12831.590   37.7890   140.0030     7.90    2.28    0.5165    20.6416 
  36   12843.840   37.7890   139.9980     7.90    2.16    0.9450    37.8644 
  37   12860.530   37.7840   139.9980     7.90    1.17    0.4479    17.6786 
  38   12883.360   37.7890   140.0080     7.90    0.48    0.3565    14.1665 
  39   12896.400   37.7890   139.9980     7.90    0.90    0.6271    25.1362 
  40   12907.850   37.7890   139.9980     7.90    0.31    0.3102    12.4494 
  41   12932.720   37.7890   139.9980     7.90    0.06    0.6437    25.8009 
  42   12941.100   37.7890   140.0030     7.90   -0.09    0.4440    17.7490 
  43   12963.640   37.7890   139.9980     7.90    0.07    0.8114    32.5160 
  44   12977.610   37.7890   140.0080     7.90    0.74    0.4251    16.8946 
  45   12991.850   37.7940   139.9930     7.90    0.05    0.2994    12.1160 
  46   13000.220   37.7890   139.9780     7.90    0.59    0.3546    14.1255 
  47   13016.070   37.7840   139.9980     7.90    0.03    0.4714    18.6078 
  48   13025.980   37.7890   139.9530     7.90    0.71    0.3829    15.0478 
  49   13044.920   37.7890   139.9980     7.90    0.42    0.4293    17.2200 
  50   13055.750   37.7890   139.9630     7.90    0.79    0.4355    17.2544 
  51   13081.070   37.7890   139.9980     7.90    0.29    0.5916    23.7169 
  52   13097.210   37.7840   139.9980     7.90    0.18    0.6958    27.4454 
  53   13113.540   37.7890   140.0030     7.90    0.06    0.3664    14.6507 
  54   13153.220   37.7840   139.9980     7.90    0.42    0.6856    27.0447 
  55   13160.720   37.7890   140.0080     7.90    0.69    0.4398    17.4792 
  56   13201.740   37.7890   139.9980     7.90    0.52    0.4495    18.0278 
  57   13210.150   37.7840   139.9980     7.90    0.06    0.5408    21.3408 
  58   13217.530   37.7890   139.9980     7.90    0.02    0.3456    13.8669 
  59   13227.560   37.7890   140.0280     7.90    0.06    0.3188    12.5558 
  60   13246.330   37.7890   139.9980     7.90    0.87    0.4634    18.5833 
  61   13259.330   37.7890   139.9980     7.90    1.64    0.5875    23.5526 
  62   13290.370   37.7890   140.0030     7.90    2.46    0.5525    22.0817 
  63   13356.860   37.7890   139.9930     7.90    2.64    0.4585    18.3280 
  64   13381.070   37.7890   139.9980     7.90    2.60    1.0000    40.0660 
  65   13412.910   37.7890   139.9980     7.90    1.62    0.7268    29.1296 
  66   13423.170   37.7890   139.9930     7.90    2.19    0.4418    17.6621 
  67   13461.200   37.7890   139.9980     7.90    2.27    0.4159    16.6825 
  68   13471.960   37.7890   139.9980     7.90    1.66    0.5009    20.0860 
  69   13495.580   37.7940   139.9980     7.90    0.68    0.2980    12.0788 
  70   13513.740   37.7890   139.9980     7.90    0.30    0.3446    13.8251 
  71   13523.110   37.7890   139.9930     7.90    0.73    0.4388    17.5417 
  72   13533.270   37.7840   139.9980     7.90    0.33    0.3162    12.4922 
  73   13541.470   37.7890   140.0030     7.90    2.86    0.4066    16.2538 
  74   13559.010   37.7890   140.0030     7.90    2.08    0.3757    15.0238 
  75   13568.860   37.7890   139.9930     7.90    2.03    0.5598    22.3704 
  76   13577.350   37.7840   139.9980     7.90    1.80    0.3076    12.1541 
  77   13591.820   37.7890   139.9780     7.90    1.36    0.3750    14.9353 
  78   13640.710   37.7890   140.0180     7.90    0.59    0.3580    13.5927 
  79   13658.170   37.7890   140.0080     7.90    0.88    0.3891    15.4616 
  80   13667.770   37.7890   140.0230     7.90    3.10    0.3200    12.4331 
  81   13704.070   37.7940   139.9480     7.90    2.04    0.3913    15.1397 
  82   13725.140   37.7890   140.0030     7.90    1.07    0.3963    15.8442 
  83   13739.130   37.7890   139.9630     7.90    1.51    0.3962    15.6995 
  84   13745.750   37.7890   139.9630     7.90    1.63    0.4524    17.9205 
  85   13760.720   37.7890   140.0130     7.90    0.97    0.3466    13.6166 
  86   13769.740   37.7890   139.9980     7.90    1.72    0.4395    17.6282 
  87   13780.390   37.7890   140.0030     7.90    1.44    0.5860    23.4189 
  88   13795.140   37.7940   139.9980     7.90    1.58    0.5584    22.6200 
  89   13809.980   37.7890   140.0030     7.90    0.71    0.3261    13.0416 
  90   13819.530   37.7840   139.9980     7.90    1.01    0.5030    19.8526 
  91   13848.980   37.7840   139.9980     7.90    1.37    0.5060    19.9688 
  92   13860.990   37.7890   140.0430     7.90    0.75    0.3578    13.9516 
  93   13870.520   37.7840   139.9980     7.90    1.51    0.4113    16.2371 
  94   13917.170   37.7890   140.0130     7.90    0.54    0.3467    13.6185 
  95   13935.860   37.7890   139.9980     7.90    0.97    0.3414    13.7009 
  96   13949.760   37.7940   139.9580     7.90    0.24    0.3423    13.0812 
  97   13957.690   37.7890   139.9630     7.90    0.38    0.3450    13.6713 
  98   13972.500   37.7890   139.9980     7.90    0.72    0.3791    15.2095 
