#Event   Time      Lat.      Lon.        Depth    Mag.    Coef.      N(*MAD)
   1   12034.410   37.8050   139.9890     8.40    0.64    0.3395    13.3953 
   2   12054.750   37.8350   139.9540     8.40    0.63    0.3277    13.1005 
   3   12103.400   37.7950   139.9940     8.40    0.23    0.4227    16.8994 
   4   12132.140   37.7950   139.9990     8.40    1.33    0.3311    13.2465 
   5   12253.920   37.7900   139.9540     8.40    3.09    0.3522    14.0884 
   6   12336.420   37.8350   139.9440     8.40    1.74    0.3307    12.7793 
   7   12471.030   37.8250   139.9490     8.40    1.29    0.2998    12.1054 
   8   12504.680   37.7850   139.9990     8.40    0.81    0.3120    12.7772 
   9   12513.590   37.7950   139.9990     8.40    1.15    0.3581    14.3269 
  10   12531.310   37.7900   139.9940     8.40    1.38    0.3194    12.9476 
  11   12581.710   37.7900   140.0390     8.40    0.62    0.3190    12.7148 
  12   12591.040   37.7900   139.9940     8.40    0.58    0.3590    14.5539 
  13   12614.530   37.7950   139.9940     8.40    1.96    0.3090    12.3619 
  14   12637.700   37.7850   139.9990     8.40    1.44    0.4519    18.4968 
  15   12652.700   37.7900   139.9640     8.40    1.53    0.3059    12.6455 
  16   12700.470   37.7850   139.9990     8.40    1.32    0.5736    23.4738 
  17   12712.220   37.7950   139.9940     8.40    1.30    0.3082    12.3286 
  18   12762.040   37.7850   139.9990     8.40    1.09    0.3576    14.6403 
  19   12791.670   37.7900   139.9990     8.40    0.45    0.5095    20.2997 
  20   12811.640   37.7950   140.0040     8.40    0.90    0.3479    14.1414 
  21   12821.940   37.7850   139.9990     8.40    0.32    0.3667    15.0146 
  22   12831.630   37.7950   139.9940     8.40    2.43    0.3604    14.4153 
  23   12843.830   37.7900   139.9990     8.40    2.33    0.5936    23.6516 
  24   12860.530   37.7850   139.9990     8.40    1.30    0.3057    12.5186 
  25   12883.530   37.7900   139.9990     8.40    0.66    0.4002    15.9475 
  26   12896.870   37.7900   139.9690     8.40    1.06    0.3783    14.9021 
  27   12932.580   37.7950   139.9990     8.40    0.18    0.3056    12.2272 
  28   12948.550   37.7900   139.9940     8.40    0.30    0.3075    12.4688 
  29   12963.630   37.7900   139.9990     8.40    0.25    0.4750    18.9291 
  30   12977.770   37.7900   139.9990     8.40    0.89    0.5647    22.5001 
  31   13016.390   37.7850   139.9790     8.40    0.20    0.3116    12.2401 
  32   13025.200   37.7850   139.9990     8.40    0.94    0.3639    14.8981 
  33   13033.260   37.7900   139.9990     8.40    0.28    0.3511    13.9930 
  34   13049.830   37.7900   139.9990     8.40    0.53    0.3787    15.0945 
  35   13055.880   37.7900   139.9540     8.40    0.93    0.3021    12.0876 
  36   13081.060   37.7900   139.9990     8.40    0.50    0.3140    12.5165 
  37   13097.190   37.7850   139.9990     8.40    0.34    0.4637    18.9778 
  38   13142.400   37.7900   139.9690     8.40   -0.06    0.3101    12.2166 
  39   13153.210   37.7850   139.9990     8.40    0.53    0.4922    20.1440 
  40   13160.870   37.7900   139.9990     8.40    0.83    0.3728    14.8588 
  41   13201.300   37.7950   140.0140     8.40    0.69    0.3172    12.5935 
  42   13210.130   37.7850   139.9990     8.40    0.21    0.3354    13.7340 
  43   13228.100   37.7900   139.9990     8.40    0.21    0.3899    15.5386 
  44   13259.900   37.7900   139.9640     8.40    1.68    0.3401    14.0596 
  45   13290.370   37.7900   140.0040     8.40    2.62    0.3583    14.4919 
  46   13356.850   37.7900   139.9940     8.40    2.78    0.6827    27.6636 
  47   13381.060   37.7900   139.9990     8.40    2.77    0.5941    23.6717 
  48   13412.900   37.7900   139.9990     8.40    1.77    0.5390    21.4743 
  49   13423.730   37.7900   139.9590     8.40    2.31    0.4069    16.3081 
  50   13461.200   37.7900   139.9990     8.40    2.43    0.3168    12.6275 
  51   13471.960   37.7900   139.9990     8.40    1.83    0.4439    17.6885 
  52   13490.680   37.7900   139.9940     8.40    0.74    0.3656    14.8217 
  53   13513.730   37.7900   139.9990     8.40    0.46    0.3129    12.4746 
  54   13523.670   37.7900   139.9590     8.40    0.84    0.4225    16.9368 
  55   13541.620   37.7900   139.9940     8.40    3.09    0.3516    14.2522 
  56   13568.850   37.7900   139.9940     8.40    2.20    1.0000    40.5129 
  57   13577.410   37.7900   139.9890     8.40    1.97    0.3068    12.4934 
  58   13592.110   37.7900   139.9590     8.40    1.53    0.3708    14.8624 
  59   13640.960   37.7900   140.0040     8.40    0.78    0.3372    13.6392 
  60   13657.840   37.7950   140.0190     8.40    1.04    0.3750    14.7965 
  61   13703.140   37.7900   140.0040     8.40    2.20    0.3818    15.4393 
  62   13738.690   37.8000   139.9740     8.40    1.63    0.3110    12.2679 
  63   13745.880   37.7900   139.9540     8.40    1.75    0.3122    12.4911 
  64   13761.050   37.7900   139.9940     8.40    1.11    0.4971    20.1456 
  65   13769.740   37.7900   139.9990     8.40    1.92    0.4444    17.7100 
  66   13780.420   37.7950   139.9940     8.40    1.54    0.3346    13.3812 
  67   13795.170   37.8000   139.9890     8.40    1.77    0.3324    13.5207 
  68   13813.980   37.7950   140.0040     8.40    0.79    0.3147    12.7949 
  69   13822.900   37.7900   139.9990     8.40    1.02    0.3839    15.2987 
  70   13848.960   37.7850   139.9990     8.40    1.47    0.4130    16.9049 
  71   13861.670   37.8000   139.9990     8.40    0.91    0.3197    12.9776 
  72   13870.500   37.7850   139.9990     8.40    1.68    0.3354    13.7325 
  73   13917.510   37.7900   139.9940     8.40    0.72    0.3522    14.2783 
  74   13935.730   37.7900   140.0040     8.40    1.17    0.3034    12.2708 
  75   13956.980   37.7850   140.0040     8.40    0.54    0.3765    15.6777 
  76   13972.500   37.7900   139.9990     8.40    0.84    0.5782    23.0383 
