#Event   Time      Lat.      Lon.        Depth    Mag.    Coef.      N(*MAD)
   1   12008.260   37.7910   139.9940     8.40    0.13    0.4741    19.3764 
   2   12017.580   37.8060   139.9840     8.40    0.83    0.3539    14.3921 
   3   12034.410   37.7960   139.9990     8.40    0.60    0.4442    18.1856 
   4   12054.880   37.8110   139.9840     8.40    0.67    0.3202    12.9040 
   5   12066.810   37.8010   139.9890     8.40    0.31    0.3117    12.5343 
   6   12085.850   37.7910   139.9940     8.40    0.24    0.3296    13.4743 
   7   12096.060   37.7960   139.9940     8.40   -0.13    0.4208    17.3989 
   8   12103.560   37.7960   139.9840     8.40    0.20    0.4094    16.5889 
   9   12146.000   37.7910   139.9740     8.40    2.81    0.3943    15.9380 
  10   12253.160   37.7860   139.9990     8.40    3.18    0.4279    17.0350 
  11   12336.570   37.7960   139.9940     8.40    1.68    0.4460    18.4415 
  12   12395.540   37.7860   139.9990     8.40    2.16    0.3377    13.4527 
  13   12470.960   37.7910   139.9990     8.40    1.26    0.4958    20.2515 
  14   12488.560   37.7860   139.9990     8.40    0.43    0.3785    15.0739 
  15   12504.680   37.7860   139.9990     8.40    0.87    0.5288    21.0437 
  16   12531.310   37.7910   139.9940     8.40    1.39    0.3374    13.7936 
  17   12591.370   37.7910   139.9740     8.40    0.52    0.3516    14.2122 
  18   12614.570   37.8010   139.9840     8.40    1.98    0.3200    12.9624 
  19   12630.460   37.7910   139.9940     8.40    1.06    0.3368    13.7686 
  20   12637.870   37.7860   139.9890     8.40    1.50    0.3207    13.1832 
  21   12700.350   37.7910   139.9990     8.40    1.37    0.3778    15.4365 
  22   12712.450   37.7960   139.9790     8.40    1.30    0.3751    14.8420 
  23   12761.800   37.7910   140.0040     8.40    1.15    0.3110    12.7910 
  24   12775.060   37.7960   139.9940     8.40    0.29    0.3834    15.8539 
  25   12790.800   37.7860   140.0440     8.40    0.39    0.3726    14.6504 
  26   12811.790   37.7960   139.9940     8.40    0.87    0.5331    22.0370 
  27   12832.400   37.7910   139.9540     8.40    2.32    0.3326    13.3538 
  28   12844.330   37.7910   139.9690     8.40    2.23    0.3819    15.1744 
  29   12897.020   37.7910   139.9590     8.40    0.98    0.3402    13.5402 
  30   12909.260   37.7860   139.9940     8.40    0.50    0.3302    13.6004 
  31   12931.830   37.7860   140.0440     8.40    0.15    0.3078    12.1054 
  32   12940.640   37.7960   140.0190     8.40    0.03    0.3121    12.4811 
  33   12948.540   37.7910   139.9940     8.40    0.30    0.3537    14.4612 
  34   12964.270   37.7910   139.9590     8.40    0.24    0.3051    12.1449 
  35   12977.780   37.7910   139.9990     8.40    0.91    0.4903    20.0255 
  36   12999.590   37.7910   140.0090     8.40    0.73    0.3926    15.7062 
  37   13037.610   37.8360   139.9440     8.40    0.71    0.3240    12.6045 
  38   13043.940   37.7910   140.0440     8.40    0.59    0.3204    12.5822 
  39   13055.120   37.7860   139.9990     8.40    0.94    0.3943    15.7009 
  40   13067.820   37.8410   140.0040     8.40    0.34    0.3477    13.7160 
  41   13081.110   37.7910   139.9940     8.40    0.47    0.3910    15.9824 
  42   13102.190   37.7910   139.9990     8.40    0.14    0.5382    21.9803 
  43   13153.090   37.7910   139.9990     8.40    0.55    0.3167    12.9451 
  44   13160.750   37.7960   139.9990     8.40    0.81    0.3472    14.2189 
  45   13197.060   37.7960   139.9890     8.40    0.51    0.3602    14.4439 
  46   13228.100   37.7910   139.9990     8.40    0.20    0.5057    20.6517 
  47   13246.980   37.7910   139.9590     8.40    1.08    0.3792    15.0904 
  48   13264.330   37.7860   139.9990     8.40    1.32    0.3828    15.2451 
  49   13289.920   37.7960   140.0190     8.40    2.65    0.3980    15.9107 
  50   13356.850   37.7910   139.9940     8.40    2.71    0.3828    15.6497 
  51   13366.820   37.7910   139.9940     8.40    2.42    0.3799    15.5290 
  52   13381.550   37.7910   139.9690     8.40    2.66    0.3777    15.0059 
  53   13412.780   37.7960   139.9990     8.40    1.77    0.3666    15.0122 
  54   13423.140   37.7860   139.9940     8.40    2.40    0.3592    14.7946 
  55   13461.070   37.7960   139.9990     8.40    2.37    0.3670    15.0307 
  56   13472.110   37.7910   139.9890     8.40    1.82    0.3856    15.0694 
  57   13495.510   37.7910   140.0040     8.40    0.82    0.3786    15.5656 
  58   13522.630   37.7860   140.0190     8.40    0.88    0.3145    12.5541 
  59   13528.960   37.7910   139.9990     8.40    0.41    0.3613    14.7622 
  60   13540.690   37.7860   140.0440     8.40    2.98    0.3652    14.3594 
  61   13546.730   37.7910   139.9940     8.40    2.94    0.4014    16.4086 
  62   13569.020   37.7910   139.9840     8.40    2.20    0.3687    14.7461 
  63   13577.380   37.7910   140.0040     8.40    1.93    0.3942    16.2073 
  64   13592.190   37.7910   139.9540     8.40    1.48    0.3552    14.2589 
  65   13600.230   37.7910   139.9990     8.40    1.51    0.2949    12.0540 
  66   13641.130   37.7910   139.9940     8.40    0.75    0.7020    28.6825 
  67   13658.320   37.7910   139.9990     8.40    1.02    0.4996    20.4065 
  68   13668.020   37.7910   140.0090     8.40    3.27    0.4226    16.9044 
  69   13703.310   37.7910   139.9940     8.40    2.20    1.0000    40.8542 
  70   13745.120   37.7860   139.9990     8.40    1.78    0.3267    13.0130 
  71   13753.610   37.7910   139.9940     8.40    1.06    0.3770    15.4115 
  72   13761.060   37.7910   139.9940     8.40    1.11    0.4992    20.4036 
  73   13769.410   37.7960   140.0090     8.40    1.88    0.4072    16.2345 
  74   13794.270   37.7910   140.0440     8.40    1.71    0.3891    15.2766 
  75   13802.870   37.7960   140.0090     8.40    1.17    0.3596    14.3385 
  76   13809.860   37.7960   140.0040     8.40    0.90    0.3195    13.0587 
  77   13861.830   37.7910   139.9990     8.40    0.92    0.4167    17.0232 
  78   13903.200   37.7910   140.0040     8.40    0.49    0.3072    12.6321 
  79   13917.510   37.7910   139.9940     8.40    0.72    0.7728    31.5746 
  80   13935.510   37.7960   140.0090     8.40    1.15    0.4146    16.5323 
  81   13949.060   37.7910   139.9990     8.40    0.34    0.3755    15.3424 
  82   13957.150   37.7860   139.9940     8.40    0.55    0.4377    18.0193 
  83   13972.500   37.7910   139.9990     8.40    0.75    0.3515    14.3637 
