#Event   Time      Lat.      Lon.        Depth    Mag.    Coef.      N(*MAD)
   1   12001.980   37.7960   140.0000     8.00   -0.06    0.2940    12.0873 
   2   12010.550   37.7960   139.9950     8.00   -0.16    0.3708    15.4428 
   3   12017.510   37.7960   140.0000     8.00    0.74    0.5788    23.7797 
   4   12034.370   37.8010   139.9950     8.00    0.49    0.3776    15.1618 
   5   12054.700   37.8360   139.9550     8.00    0.53    0.3040    12.1017 
   6   12086.000   37.8010   139.9950     8.00    0.13    0.3524    14.1486 
   7   12102.870   37.7960   140.0200     8.00    0.13    0.3274    13.0981 
   8   12145.520   37.8010   139.9900     8.00    2.71    0.4548    18.6949 
   9   12208.880   37.8010   139.9900     8.00    0.27    0.3065    12.6058 
  10   12252.240   37.7860   140.0450     8.00    3.07    0.3477    13.9326 
  11   12336.360   37.7960   140.0050     8.00    1.59    0.4771    19.8698 
  12   12470.480   37.8010   140.0150     8.00    1.16    0.3538    14.2492 
  13   12505.540   37.7910   139.9450     8.00    0.63    0.3114    12.4947 
  14   12513.700   37.7910   139.9800     8.00    1.02    0.3825    15.6859 
  15   12532.590   37.7910   140.0000     8.00    1.26    0.5033    20.8443 
  16   12576.210   37.7910   139.9850     8.00    0.58    0.3253    13.0712 
  17   12590.990   37.7910   139.9950     8.00    0.39    0.5658    22.9836 
  18   12614.480   37.7910   140.0000     8.00    1.85    0.4721    19.5521 
  19   12630.230   37.7860   140.0100     8.00    1.02    0.3240    12.8337 
  20   12637.250   37.7860   140.0200     8.00    1.25    0.3391    13.7280 
  21   12652.020   37.7910   140.0000     8.00    1.40    0.3490    14.4647 
  22   12685.620   37.7910   140.0000     8.00    0.20    0.2937    12.1778 
  23   12700.420   37.7860   140.0000     8.00    1.16    0.3618    15.0363 
  24   12712.160   37.7910   140.0000     8.00    1.19    0.4434    18.3683 
  25   12762.030   37.7860   139.9950     8.00    1.03    0.3655    14.9696 
  26   12780.780   37.7860   140.0000     8.00    0.15    0.3587    14.9055 
  27   12791.500   37.7910   140.0050     8.00    0.28    0.3994    16.4893 
  28   12805.030   37.7960   139.9900     8.00    0.06    0.3902    15.9020 
  29   12811.200   37.7960   140.0250     8.00    0.75    0.3525    14.0685 
  30   12818.580   37.7910   139.9950     8.00    0.32    0.3309    13.4486 
  31   12831.570   37.7910   140.0000     8.00    2.28    0.4625    19.1555 
  32   12843.950   37.7910   139.9900     8.00    2.17    0.3918    16.2539 
  33   12896.370   37.7910   139.9950     8.00    0.98    0.6210    25.2237 
  34   12904.480   37.7960   139.9950     8.00    0.26    0.3051    12.7102 
  35   12932.700   37.7910   139.9950     8.00    0.07    0.3818    15.5156 
  36   12948.500   37.7910   139.9950     8.00    0.21    0.4967    20.1787 
  37   12963.610   37.7910   139.9950     8.00    0.14    0.4020    16.3345 
  38   12977.710   37.7910   140.0000     8.00    0.74    0.4210    17.4414 
  39   13000.140   37.7910   139.9800     8.00    0.63    0.3677    15.0760 
  40   13025.800   37.7910   139.9600     8.00    0.72    0.3274    13.0320 
  41   13033.200   37.7910   140.0000     8.00    0.19    0.2986    12.3827 
  42   13044.890   37.7910   139.9950     8.00    0.48    0.3874    15.7410 
  43   13055.730   37.7910   139.9600     8.00    0.76    0.3941    15.6839 
  44   13076.510   37.7910   140.0000     8.00    0.16    0.4776    19.7791 
  45   13097.300   37.7860   139.9900     8.00    0.21    0.3605    14.8737 
  46   13113.520   37.7910   140.0000     8.00    0.09    0.4482    18.5675 
  47   13141.910   37.7910   139.9950     8.00   -0.18    0.3808    15.4764 
  48   13153.330   37.7860   139.9900     8.00    0.38    0.3355    13.8411 
  49   13160.830   37.7910   140.0000     8.00    0.71    0.6528    27.0255 
  50   13201.720   37.7910   139.9950     8.00    0.48    0.3951    16.0570 
  51   13217.480   37.7910   139.9950     8.00    0.02    0.3097    12.5870 
  52   13228.030   37.7910   140.0000     8.00    0.11    0.3540    14.6707 
  53   13237.220   37.7910   139.9950     8.00   -0.24    0.3816    15.5081 
  54   13246.260   37.7910   140.0000     8.00    0.98    0.4079    16.8975 
  55   13259.310   37.7910   139.9950     8.00    1.55    0.3900    15.8495 
  56   13290.170   37.7910   140.0100     8.00    2.48    0.4043    16.5551 
  57   13356.800   37.7910   139.9950     8.00    2.62    0.7628    30.9806 
  58   13366.780   37.7910   139.9950     8.00    2.37    0.5731    23.2789 
  59   13381.170   37.7910   139.9900     8.00    2.64    0.4033    16.7304 
  60   13412.850   37.7910   140.0000     8.00    1.68    0.4677    19.3728 
  61   13423.420   37.7910   139.9750     8.00    2.15    0.3783    14.9457 
  62   13461.140   37.7910   140.0000     8.00    2.28    0.5506    22.7979 
  63   13471.890   37.7910   140.0000     8.00    1.70    0.4189    17.3550 
  64   13495.570   37.7910   140.0000     8.00    0.67    0.3559    14.7511 
  65   13513.680   37.7910   140.0000     8.00    0.30    0.5519    22.8527 
  66   13523.020   37.7910   139.9950     8.00    0.71    0.4513    18.3350 
  67   13541.570   37.7910   139.9950     8.00    2.90    1.0000    40.6070 
  68   13558.990   37.7910   140.0000     8.00    2.08    0.3923    16.2534 
  69   13568.800   37.7910   139.9950     8.00    2.01    0.3545    14.4079 
  70   13591.460   37.7910   139.9950     8.00    1.38    0.4616    18.7552 
  71   13600.320   37.7910   139.9950     8.00    1.47    0.3635    14.7731 
  72   13641.250   37.8210   139.9450     8.00    0.63    0.3830    14.7437 
  73   13658.280   37.7910   140.0000     8.00    0.92    0.6625    27.4249 
  74   13668.160   37.8060   139.9850     8.00    3.13    0.3126    12.5524 
  75   13702.400   37.7910   140.0400     8.00    2.12    0.3918    15.9627 
  76   13734.650   37.7910   140.0000     8.00    1.04    0.3515    14.5676 
  77   13745.410   37.7910   139.9800     8.00    1.65    0.3406    13.9670 
  78   13761.000   37.7910   139.9950     8.00    1.00    0.3616    14.6962 
  79   13769.670   37.7910   140.0000     8.00    1.76    0.4284    17.7486 
  80   13780.360   37.7910   140.0000     8.00    1.44    0.4870    20.1709 
  81   13795.240   37.7960   139.9900     8.00    1.60    0.3977    16.2096 
  82   13803.120   37.7910   140.0000     8.00    1.07    0.5390    22.3202 
  83   13822.860   37.7910   140.0000     8.00    0.93    0.5228    21.6494 
  84   13848.920   37.7860   140.0000     8.00    1.33    0.3978    16.5270 
  85   13860.910   37.7910   140.0450     8.00    0.80    0.3706    14.7244 
  86   13870.460   37.7860   140.0000     8.00    1.56    0.3234    13.4400 
  87   13904.270   37.7910   140.0000     8.00    0.37    0.4488    18.5922 
  88   13910.420   37.7960   139.9950     8.00    0.28    0.3883    16.1675 
  89   13917.450   37.7910   139.9950     8.00    0.61    0.4294    17.4480 
  90   13935.760   37.7910   140.0000     8.00    1.02    0.3942    16.3331 
  91   13948.140   37.7910   140.0450     8.00    0.23    0.3181    12.6441 
  92   13956.240   37.7860   140.0400     8.00    0.39    0.3243    13.1926 
  93   13963.500   37.7910   140.0000     8.00    0.24    0.4409    18.2633 
  94   13972.440   37.7910   140.0000     8.00    0.71    0.3478    14.4138 
