#Event   Time      Lat.      Lon.        Depth    Mag.    Coef.      N(*MAD)
   1   12034.820   37.7990   139.9760     6.30    0.41    0.3288    13.0169 
   2   12085.850   37.7940   139.9960     6.30    0.12    0.4335    17.8485 
   3   12131.990   37.7840   140.0060     6.30    1.12    0.3146    13.0391 
   4   12253.150   37.7890   140.0010     6.30    2.96    0.6878    27.9864 
   5   12323.980   37.7890   140.0010     6.30    1.03    0.5521    22.4667 
   6   12374.150   37.7890   140.0010     6.30    0.72    0.8516    34.6524 
   7   12386.520   37.7890   140.0010     6.30    2.70    1.0000    40.6892 
   8   12425.470   37.7890   140.0060     6.30    0.79    0.3086    12.5795 
   9   12449.530   37.7990   140.0010     6.30    0.54    0.3394    13.7662 
  10   12488.550   37.7890   140.0010     6.30    0.24    0.3526    14.3500 
  11   12504.660   37.7890   140.0010     6.30    0.60    0.4661    18.9695 
  12   12513.270   37.7890   140.0060     6.30    0.99    0.4456    18.1523 
  13   12532.540   37.7890   140.0060     6.30    1.13    0.3083    12.5685 
  14   12551.330   37.7890   139.9960     6.30    0.49    0.6125    25.3054 
  15   12564.550   37.7890   139.9960     6.30    0.15    0.4127    17.0534 
  16   12575.770   37.7890   140.0110     6.30    0.57    0.4280    17.7429 
  17   12614.520   37.7890   140.0010     6.30    1.76    0.5080    20.6722 
  18   12637.730   37.7890   139.9960     6.30    1.26    0.5477    22.6272 
  19   12652.070   37.7890   140.0010     6.30    1.40    0.7850    31.9440 
  20   12685.480   37.7890   140.0110     6.30    0.13    0.3346    13.8744 
  21   12700.630   37.7890   139.9910     6.30    1.16    0.3767    15.3913 
  22   12712.030   37.7840   140.0010     6.30    1.06    0.3305    13.3440 
  23   12752.870   37.7890   140.0010     6.30    0.26    0.7497    30.5064 
  24   12761.830   37.7890   140.0060     6.30    0.94    0.3552    14.4729 
  25   12792.250   37.7940   139.9660     6.30    0.20    0.3032    12.1886 
  26   12821.730   37.7890   140.0060     6.30    0.12    0.3136    12.7819 
  27   12831.430   37.7890   140.0110     6.30    2.18    0.3563    14.7708 
  28   12844.490   37.7940   139.9610     6.30    2.10    0.3271    12.9200 
  29   12860.550   37.7890   139.9960     6.30    1.15    0.3539    14.6269 
  30   12884.390   37.7940   140.0510     6.30    0.36    0.3147    12.3800 
  31   12897.180   37.7940   139.9510     6.30    0.86    0.3920    15.3259 
  32   12915.070   37.7890   140.0010     6.30    0.13    0.3524    14.3421 
  33   12933.510   37.7940   139.9510     6.30   -0.01    0.3198    12.5098 
  34   12963.610   37.7890   140.0010     6.30    0.05    0.3259    13.2646 
  35   12977.930   37.7940   139.9910     6.30    0.70    0.3373    13.6645 
  36   12999.730   37.7890   140.0060     6.30    0.58    0.3158    12.8733 
  37   13025.240   37.7890   139.9960     6.30    0.69    0.6260    25.8596 
  38   13054.990   37.7890   140.0060     6.30    0.71    0.4052    16.5090 
  39   13077.330   37.7940   139.9560     6.30    0.06    0.3160    12.7666 
  40   13097.600   37.7890   139.9760     6.30    0.12    0.3346    13.2664 
  41   13153.620   37.7890   139.9760     6.30    0.34    0.3211    12.7313 
  42   13161.470   37.7940   139.9660     6.30    0.60    0.3174    12.7592 
  43   13201.580   37.7890   140.0060     6.30    0.37    0.3477    14.1710 
  44   13259.170   37.7890   140.0060     6.30    1.57    0.4598    18.7288 
  45   13279.580   37.7890   139.9960     6.30    0.28    0.3478    14.3754 
  46   13341.390   37.7890   139.9960     6.30    0.31    0.3652    15.0907 
  47   13356.250   37.7890   140.0260     6.30    2.51    0.3419    13.7527 
  48   13381.860   37.7940   139.9510     6.30    2.52    0.3618    14.1460 
  49   13413.570   37.7940   139.9610     6.30    1.54    0.3419    13.5029 
  50   13423.130   37.7890   139.9960     6.30    2.15    0.6652    27.4795 
  51   13495.650   37.7940   139.9960     6.30    0.63    0.2975    12.2534 
  52   13523.070   37.7890   139.9960     6.30    0.67    0.5279    21.8109 
  53   13542.370   37.7940   139.9510     6.30    2.81    0.3133    12.2549 
  54   13558.090   37.7940   139.9960     6.30    2.02    0.3343    13.7651 
  55   13567.940   37.7890   140.0410     6.30    2.01    0.3083    12.2458 
  56   13577.530   37.7940   139.9960     6.30    1.75    0.3891    16.0190 
  57   13591.510   37.7890   139.9960     6.30    1.31    0.4465    18.4507 
  58   13623.410   37.7890   139.9960     6.30    0.27    0.3329    13.7562 
  59   13641.120   37.7940   139.9960     6.30    0.54    0.3358    13.8281 
  60   13668.360   37.7940   139.9910     6.30    3.11    0.3258    13.1992 
  61   13725.710   37.7940   139.9710     6.30    0.99    0.3188    12.3078 
  62   13738.370   37.7890   140.0060     6.30    1.44    0.4460    18.1675 
  63   13745.120   37.7890   140.0010     6.30    1.57    0.4821    19.6189 
  64   13781.190   37.7940   139.9560     6.30    1.32    0.3328    13.4441 
  65   13794.990   37.7940   140.0060     6.30    1.54    0.3417    13.7115 
  66   13819.500   37.7840   140.0010     6.30    0.93    0.3855    15.5644 
  67   13849.010   37.7890   139.9960     6.30    1.26    0.3569    14.7476 
  68   13870.730   37.7840   139.9910     6.30    1.45    0.3637    14.7958 
  69   13957.140   37.7890   139.9960     6.30    0.35    0.4813    19.8844 
  70   13981.100   37.7890   139.9960     6.30   -0.03    0.3402    14.0601 
