#Event   Time      Lat.      Lon.        Depth    Mag.    Coef.      N(*MAD)
   1   12002.050   37.7960   140.0000     8.20   -0.14    0.2986    12.3208 
   2   12008.230   37.7910   140.0000     8.20   -0.04    0.3502    14.5113 
   3   12017.570   37.7960   140.0000     8.20    0.66    0.3966    16.3613 
   4   12034.440   37.8010   139.9950     8.20    0.42    0.3277    13.5143 
   5   12066.880   37.8110   140.0000     8.20    0.11    0.3545    14.2552 
   6   12085.840   37.7910   140.0000     8.20    0.11    0.3303    13.6869 
   7   12103.410   37.7960   139.9950     8.20    0.06    0.5273    21.4835 
   8   12145.440   37.8060   139.9950     8.20    2.67    0.3693    15.4018 
   9   12252.720   37.7860   140.0250     8.20    2.84    0.3017    12.3447 
  10   12316.610   37.8010   140.0050     8.20    0.65    0.3871    15.6169 
  11   12336.550   37.7960   140.0000     8.20    1.51    0.5119    21.1137 
  12   12470.030   37.7910   140.0500     8.20    1.08    0.3620    14.6669 
  13   12488.560   37.7910   140.0000     8.20    0.24    0.2971    12.3122 
  14   12504.540   37.7860   140.0100     8.20    0.59    0.3059    12.6808 
  15   12513.950   37.7910   139.9700     8.20    0.88    0.3108    12.4824 
  16   12531.330   37.7910   139.9950     8.20    1.17    0.4918    20.0809 
  17   12560.810   37.8010   140.0050     8.20    0.13    0.3756    15.1545 
  18   12591.060   37.7910   139.9950     8.20    0.35    0.7304    29.8128 
  19   12614.550   37.7910   140.0000     8.20    1.74    0.3753    15.5512 
  20   12630.430   37.7860   140.0050     8.20    0.87    0.4737    19.5715 
  21   12637.730   37.7860   140.0000     8.20    1.18    0.3049    12.4755 
  22   12700.490   37.7860   140.0000     8.20    1.11    0.4018    16.4345 
  23   12712.070   37.7960   140.0050     8.20    1.13    0.3893    16.1202 
  24   12762.050   37.7860   140.0000     8.20    0.93    0.3157    12.9147 
  25   12780.660   37.7860   140.0100     8.20    0.04    0.3585    14.8588 
  26   12791.690   37.7910   140.0000     8.20    0.19    0.6448    26.7155 
  27   12805.210   37.7960   139.9850     8.20   -0.01    0.3381    13.6742 
  28   12811.760   37.7960   140.0000     8.20    0.71    0.3747    15.4562 
  29   12832.110   37.7910   139.9750     8.20    2.14    0.3842    15.2115 
  30   12843.850   37.7910   140.0000     8.20    2.12    0.4628    19.1760 
  31   12896.730   37.7910   139.9800     8.20    0.85    0.3353    13.4751 
  32   12908.650   37.7960   140.0200     8.20    0.31    0.3172    12.6808 
  33   12941.100   37.7910   140.0050     8.20   -0.17    0.3577    14.8104 
  34   12948.580   37.7910   139.9950     8.20    0.14    0.5272    21.5254 
  35   12977.780   37.7910   140.0000     8.20    0.60    0.3557    14.7406 
  36   13000.470   37.7910   139.9650     8.20    0.50    0.3972    15.9301 
  37   13007.070   37.7910   140.0000     8.20   -0.16    0.3712    15.3825 
  38   13037.760   37.7960   140.0000     8.20    0.52    0.3466    14.2969 
  39   13045.080   37.7910   139.9900     8.20    0.42    0.3273    13.2793 
  40   13055.900   37.7910   139.9550     8.20    0.69    0.3387    13.5690 
  41   13081.080   37.7910   140.0000     8.20    0.32    0.7013    29.0558 
  42   13102.200   37.7910   140.0000     8.20   -0.03    0.3937    16.3132 
  43   13128.580   37.7910   140.0000     8.20   -0.41    0.3647    15.1126 
  44   13153.230   37.7860   140.0000     8.20    0.35    0.3204    13.1099 
  45   13160.890   37.7910   140.0000     8.20    0.60    0.4669    19.3457 
  46   13173.410   37.7960   140.0050     8.20   -0.17    0.3407    14.1080 
  47   13196.360   37.7960   140.0300     8.20    0.32    0.3137    12.6851 
  48   13228.100   37.7910   140.0000     8.20    0.04    0.3708    15.3664 
  49   13246.330   37.7910   140.0000     8.20    0.90    0.6237    25.8440 
  50   13290.370   37.7910   140.0050     8.20    2.45    0.5626    23.2871 
  51   13356.870   37.7910   139.9950     8.20    2.51    0.4617    18.8503 
  52   13366.850   37.7910   139.9950     8.20    2.25    0.4568    18.6543 
  53   13381.080   37.7910   140.0000     8.20    2.53    0.4152    17.2042 
  54   13401.020   37.7860   140.0050     8.20    1.21    0.3126    12.9193 
  55   13412.920   37.7910   140.0000     8.20    1.61    0.5734    23.7611 
  56   13422.520   37.7860   140.0300     8.20    2.09    0.3221    13.1568 
  57   13461.210   37.7910   140.0000     8.20    2.20    1.0000    41.4315 
  58   13471.970   37.7910   140.0000     8.20    1.61    0.6068    25.1433 
  59   13495.640   37.7910   140.0000     8.20    0.63    0.4009    16.6142 
  60   13513.740   37.7910   140.0000     8.20    0.23    0.5959    24.6911 
  61   13522.460   37.7860   140.0300     8.20    0.63    0.2973    12.1430 
  62   13528.980   37.7910   140.0000     8.20    0.24    0.4445    18.4197 
  63   13540.610   37.7860   140.0500     8.20    2.77    0.3501    14.0966 
  64   13546.700   37.7910   140.0000     8.20    2.75    0.6254    25.9134 
  65   13558.900   37.7910   140.0100     8.20    2.03    0.3166    13.1988 
  66   13568.870   37.7910   139.9950     8.20    1.97    0.2992    12.2247 
  67   13577.260   37.7910   140.0000     8.20    1.75    0.5382    22.3024 
  68   13600.390   37.7910   139.9950     8.20    1.28    0.5588    22.8125 
  69   13627.880   37.7910   139.9950     8.20    0.30    0.4779    19.5118 
  70   13641.090   37.7910   140.0000     8.20    0.54    0.4123    17.0864 
  71   13658.340   37.7910   140.0000     8.20    0.84    0.5157    21.3701 
  72   13668.160   37.7910   140.0050     8.20    3.03    0.4020    16.6444 
  73   13703.150   37.7910   140.0050     8.20    2.03    0.3956    16.3774 
  74   13756.480   37.7910   140.0000     8.20    0.84    0.3218    13.3348 
  75   13769.750   37.7910   140.0000     8.20    1.70    0.6421    26.6064 
  76   13780.270   37.7960   140.0050     8.20    1.38    0.3644    15.0871 
  77   13795.660   37.7960   139.9700     8.20    1.49    0.3383    13.3597 
  78   13803.310   37.7910   139.9950     8.20    0.94    0.4332    17.6889 
  79   13809.980   37.7910   140.0050     8.20    0.73    0.3774    15.6275 
  80   13822.930   37.7910   140.0000     8.20    0.85    0.3563    14.7669 
  81   13861.880   37.7960   139.9950     8.20    0.75    0.3514    14.3220 
  82   13903.340   37.7910   140.0000     8.20    0.33    0.3356    13.9088 
  83   13910.480   37.7960   139.9950     8.20    0.19    0.4575    18.6411 
  84   13917.350   37.7910   140.0050     8.20    0.55    0.4377    18.1191 
  85   13935.850   37.7910   140.0000     8.20    0.99    0.6991    28.9681 
  86   13953.490   37.7910   140.0000     8.20   -0.02    0.2993    12.4039 
  87   13972.510   37.7910   140.0000     8.20    0.64    0.4078    16.8991 
