#Event   Time      Lat.      Lon.        Depth    Mag.    Coef.      N(*MAD)
   1   12017.540   37.7960   140.0050     7.80    0.78    0.4484    18.7686 
   2   12034.560   37.8110   139.9800     7.80    0.51    0.3573    14.6274 
   3   12044.660   37.7960   140.0050     7.80   -0.17    0.3094    12.9587 
   4   12054.850   37.8010   140.0050     7.80    0.53    0.3204    13.4166 
   5   12085.720   37.8010   140.0000     7.80    0.19    0.3299    13.8789 
   6   12103.580   37.7910   139.9950     7.80    0.10    0.3089    12.9389 
   7   12145.580   37.8010   139.9950     7.80    2.66    0.3656    15.4902 
   8   12253.480   37.7910   139.9850     7.80    3.04    0.3744    15.6175 
   9   12336.000   37.7960   140.0300     7.80    1.62    0.3683    15.0771 
  10   12374.490   37.7910   139.9850     7.80    0.78    0.3223    13.4473 
  11   12386.690   37.7910   139.9950     7.80    2.82    0.3587    15.0196 
  12   12395.690   37.7910   139.9950     7.80    2.03    0.3049    12.7740 
  13   12471.110   37.7960   139.9950     7.80    1.15    0.4044    16.8476 
  14   12488.540   37.7910   140.0050     7.80    0.31    0.3947    16.3433 
  15   12507.310   37.7910   140.0050     7.80    0.55    0.3985    16.5000 
  16   12513.440   37.7910   140.0000     7.80    1.08    0.5312    22.4200 
  17   12523.610   37.7910   140.0050     7.80    0.54    0.3736    15.4710 
  18   12532.630   37.7910   140.0050     7.80    1.26    0.5626    23.2852 
  19   12551.310   37.7910   140.0000     7.80    0.57    0.3823    16.1433 
  20   12566.160   37.7910   140.0000     7.80    0.01    0.3161    13.3513 
  21   12575.950   37.7910   140.0050     7.80    0.63    0.6288    26.0202 
  22   12591.500   37.7860   139.9800     7.80    0.40    0.3316    13.1784 
  23   12614.520   37.7910   140.0050     7.80    1.85    0.8856    36.6388 
  24   12629.870   37.7860   140.0350     7.80    0.99    0.3488    13.9735 
  25   12638.500   37.7910   139.9550     7.80    1.28    0.3478    13.9974 
  26   12652.070   37.7910   140.0050     7.80    1.47    0.5074    21.0044 
  27   12685.670   37.7910   140.0050     7.80    0.19    0.5607    23.2078 
  28   12701.120   37.7910   139.9650     7.80    1.19    0.3820    15.2396 
  29   12712.200   37.7910   140.0050     7.80    1.20    0.7157    29.6147 
  30   12723.230   37.7910   139.9650     7.80    0.29    0.3012    12.0211 
  31   12734.910   37.7960   140.0050     7.80   -0.07    0.3468    14.5245 
  32   12743.930   37.7910   140.0050     7.80   -0.09    0.6096    25.2262 
  33   12753.210   37.7910   139.9850     7.80    0.35    0.3478    14.5100 
  34   12766.180   37.7910   140.0000     7.80    0.55    0.4147    17.5099 
  35   12791.700   37.7910   140.0000     7.80    0.32    0.4383    18.5035 
  36   12810.720   37.7960   140.0550     7.80    0.75    0.3689    14.6945 
  37   12818.500   37.7910   140.0050     7.80    0.28    0.4984    20.6321 
  38   12831.610   37.7910   140.0050     7.80    2.30    1.0000    41.3669 
  39   12843.860   37.7910   140.0000     7.80    2.18    0.5054    21.3302 
  40   12861.320   37.7910   139.9550     7.80    1.16    0.3338    13.4346 
  41   12884.320   37.7960   139.9550     7.80    0.49    0.3079    12.3278 
  42   12896.410   37.7910   140.0000     7.80    0.96    0.4657    19.6593 
  43   12909.110   37.7910   140.0050     7.80    0.37    0.5381    22.2710 
  44   12932.740   37.7910   140.0000     7.80    0.09    0.4499    18.9904 
  45   12941.120   37.7910   140.0050     7.80   -0.06    0.4765    19.7245 
  46   12948.040   37.7910   140.0250     7.80    0.18    0.3196    13.1103 
  47   12963.660   37.7910   140.0000     7.80    0.16    0.3539    14.9475 
  48   12978.420   37.7960   139.9650     7.80    0.73    0.4338    17.5906 
  49   12999.820   37.7910   140.0050     7.80    0.64    0.6260    25.9046 
  50   13016.100   37.7860   140.0000     7.80    0.11    0.3398    13.9072 
  51   13037.740   37.7960   140.0050     7.80    0.59    0.3449    14.4430 
  52   13044.940   37.7910   140.0000     7.80    0.51    0.4294    18.1263 
  53   13055.160   37.7910   140.0000     7.80    0.80    0.4703    19.8529 
  54   13067.730   37.7860   139.9700     7.80    0.27    0.2958    12.0309 
  55   13081.090   37.7910   140.0000     7.80    0.36    0.3605    15.2231 
  56   13097.230   37.7860   140.0000     7.80    0.23    0.4334    17.7346 
  57   13113.560   37.7910   140.0050     7.80    0.09    0.4259    17.6348 
  58   13141.960   37.7910   140.0000     7.80   -0.14    0.3213    13.5713 
  59   13153.070   37.7860   140.0100     7.80    0.42    0.3370    13.9452 
  60   13160.860   37.7910   140.0050     7.80    0.71    0.4017    16.6348 
  61   13173.430   37.7960   140.0050     7.80    0.00    0.3792    15.8790 
  62   13196.120   37.7910   140.0050     7.80    0.42    0.5569    23.0473 
  63   13210.170   37.7860   140.0000     7.80    0.08    0.3371    13.7942 
  64   13228.740   37.7960   139.9650     7.80    0.08    0.3713    15.0612 
  65   13246.350   37.7910   140.0000     7.80    0.94    0.4276    18.0506 
  66   13259.350   37.7910   140.0000     7.80    1.69    0.5561    23.4672 
  67   13290.380   37.7910   140.0050     7.80    2.48    0.4035    16.7089 
  68   13356.340   37.7910   140.0250     7.80    2.63    0.3593    14.7353 
  69   13366.810   37.7910   140.0000     7.80    2.35    0.3577    15.1049 
  70   13381.090   37.7910   140.0000     7.80    2.62    0.5164    21.7959 
  71   13413.070   37.7860   140.0000     7.80    1.65    0.4317    17.6677 
  72   13423.290   37.7910   139.9900     7.80    2.26    0.3949    16.4829 
  73   13460.670   37.7910   140.0300     7.80    2.30    0.3605    14.7352 
  74   13472.740   37.7960   139.9550     7.80    1.67    0.3955    15.8292 
  75   13495.730   37.7910   140.0000     7.80    0.73    0.3189    13.4693 
  76   13513.720   37.7910   140.0050     7.80    0.37    0.2962    12.2736 
  77   13523.230   37.7910   139.9900     7.80    0.74    0.3859    16.1096 
  78   13529.600   37.7960   139.9650     7.80    0.34    0.3586    14.5473 
  79   13541.610   37.7910   140.0000     7.80    2.92    0.4447    18.7734 
  80   13558.640   37.7910   140.0250     7.80    2.07    0.3508    14.3841 
  81   13568.830   37.7860   140.0050     7.80    2.07    0.3720    15.5842 
  82   13591.500   37.7910   140.0000     7.80    1.39    0.4385    18.5103 
  83   13641.780   37.7960   139.9600     7.80    0.66    0.3477    14.0020 
  84   13657.910   37.7910   140.0250     7.80    0.88    0.4105    16.8286 
  85   13668.780   37.7960   139.9700     7.80    3.16    0.3823    15.6601 
  86   13702.410   37.7910   140.0450     7.80    2.06    0.4018    16.0897 
  87   13724.970   37.7860   140.0050     7.80    1.12    0.2891    12.1111 
  88   13734.700   37.7910   140.0050     7.80    0.98    0.4092    16.9426 
  89   13745.170   37.7910   140.0000     7.80    1.69    0.3644    15.3865 
  90   13760.460   37.7910   140.0300     7.80    0.99    0.3262    13.3348 
  91   13770.520   37.7960   139.9550     7.80    1.73    0.3953    15.8231 
  92   13780.410   37.7910   140.0050     7.80    1.41    0.8302    34.3456 
  93   13795.160   37.7960   140.0000     7.80    1.62    0.6291    26.6869 
  94   13803.150   37.7910   140.0050     7.80    1.00    0.3885    16.0869 
  95   13814.250   37.7860   140.0050     7.80    0.65    0.2990    12.5255 
  96   13822.770   37.7910   140.0100     7.80    0.90    0.3335    13.9931 
  97   13848.840   37.7860   140.0100     7.80    1.38    0.3574    14.7893 
  98   13861.870   37.7960   140.0000     7.80    0.83    0.4437    18.8295 
  99   13893.420   37.7910   140.0050     7.80    0.19    0.3741    15.4935 
 100   13904.300   37.7910   140.0050     7.80    0.39    0.3261    13.5090 
 101   13916.710   37.7910   140.0400     7.80    0.56    0.3635    14.5182 
 102   13935.310   37.7910   140.0300     7.80    1.04    0.3555    14.5291 
 103   13949.090   37.7960   140.0000     7.80    0.24    0.3616    15.3498 
 104   13956.250   37.7860   140.0450     7.80    0.36    0.3601    14.6451 
 105   13973.020   37.7960   140.0000     7.80    0.70    0.3395    14.4129 
